IMG_4394_jpeg.rf.17a7d3596e982202fc8d0c98d65277bc.jpg 281,53,381,86,3 14,64,277,166,3
IMG_4199_jpeg.rf.91eaa65a2d30f2da7b66ca6ab339eacb.jpg 119,98,246,326,3
IMG_4027_jpeg.rf.eeb88f5c33d545315b7de627a0d67e83.jpg 202,240,280,274,1
IMG_4617_png.rf.42b03f50173d87416a540a6588280084.jpg 0,232,77,279,3 233,222,328,260,0 200,224,263,238,3 225,220,260,228,0 124,296,144,354,1 206,314,319,352,3 0,79,274,255,2 108,118,416,317,2
IMG_4189_jpeg.rf.c50d2dc34cc0d8ad36f481d80bbec25a.jpg 128,100,343,351,3 89,25,295,57,1
IMG_4297_jpeg.rf.73ee99dd570ca4f0df78ca254dbb6caf.jpg 53,86,294,366,3
IMG_4236_jpeg.rf.ae64f478ef8a9ea6721d2f98910b5569.jpg 121,138,277,260,3
IMG_4468_jpeg.rf.c0c8a0321c31c071bbdaa512927cf636.jpg 253,159,282,202,3 190,230,236,255,3 118,201,183,232,1 278,234,380,249,3
IMG_4614_png.rf.3c35980d6bf703b3ac184ebc12814f98.jpg 248,191,311,212,3 203,225,261,239,3 233,222,326,261,0 215,221,263,228,0 176,295,323,308,1 206,313,314,353,3 220,43,416,239,2 41,68,315,214,2
IMG_4011_jpeg.rf.43bc62f2263868f93be2e128fc70e142.jpg 159,85,237,368,1 1,247,204,416,2
IMG_4528_jpeg.rf.4c9d17cf341ba068944372730e3f2863.jpg 64,284,154,321,0 0,289,64,309,0 205,283,279,293,3 215,275,291,281,3 252,0,416,416,2 191,123,321,191,3
IMG_4553_jpeg.rf.c825ed2b672a6d67bb89779e61c46762.jpg 80,353,165,416,0 152,341,213,399,0 91,195,159,205,1 242,328,295,339,1 253,65,416,416,2
IMG_4265_jpeg.rf.fafd2d22849fc134ffec3bb8ea91e6f3.jpg 154,88,323,286,3
IMG_4295_jpeg.rf.aae0db2bb1b2010a0ed15fbcdbd6a3e2.jpg 28,119,295,341,3
IMG_4402_jpeg.rf.edd0c79e92fffc9c146f7189b2c85395.jpg 67,180,292,259,3 78,135,146,158,3
IMG_4475_jpeg.rf.21710460a845a738323e7bd52252878d.jpg 131,260,180,340,1 244,260,300,296,3 153,171,189,221,3
IMG_5052_jpeg.rf.934f6fbe26e02192adf7282ec830650d.jpg 207,145,322,331,2 116,229,372,295,2
IMG_4260_jpeg.rf.b227fead90e1380a0d577e5a5dd8e546.jpg 157,106,251,267,3
IMG_4454_jpeg.rf.5c3836f45c1476456453651d592f34b9.jpg 194,156,299,234,3
IMG_4001_jpeg.rf.331ced575d3ecbb76ea0033a22deca72.jpg 179,139,335,342,1
IMG_4549_jpeg.rf.ce52782dab5190f5395f397257fbca53.jpg 49,206,117,221,1 233,317,258,334,3 253,320,273,335,3 270,330,283,348,3 266,387,346,416,0 264,360,391,400,0 95,79,414,400,2
IMG_4536_jpeg.rf.caae653dd78f15de2e9a00310c77315c.jpg 126,92,229,341,3 54,0,416,316,2 1,96,84,160,3 0,36,81,83,3
IMG_4552_jpeg.rf.e804b96bdae6c55f4c71e2e6a1ddbeb1.jpg 108,320,193,372,0 178,313,240,360,0 132,169,198,179,1 216,20,416,416,2
IMG_4294_jpeg.rf.a7d2edb580aa426526a325e544742910.jpg 45,86,311,268,3
IMG_4410_jpeg.rf.c843828b798bb64a2047d1a97186f60f.jpg 170,225,335,322,3
IMG_4481_jpeg.rf.26cc6ae1269fc614e8e2c6cbb4932fa8.jpg 177,310,220,351,1
IMG_4360_jpeg.rf.baea97e3bb8955e4f6701a4302ebae30.jpg 203,0,358,31,1 143,71,347,241,3
IMG_4013_jpeg.rf.c2221e272946a54af4cea91471c4209f.jpg 177,184,228,368,1 3,251,252,413,2
IMG_4460_jpeg.rf.dce87bb34c1422568bea608763cc69bd.jpg 98,158,241,219,3
IMG_4187_jpeg.rf.0523d6d5c9414cccebca242c71f15098.jpg 113,100,254,318,3 284,28,416,89,1
IMG_4274_jpeg.rf.61f0c329ab9ea0bceb79c9deea0de4e2.jpg 98,53,287,161,3 0,7,72,38,3
IMG_4487_jpeg.rf.5c778eddaba380ee9dda33f1e33a7dd7.jpg 30,244,98,335,3 99,259,181,310,3 191,271,329,319,3 317,195,373,280,1
IMG_4476_jpeg.rf.c5d1b7e2d87b21c3404da35a89a6d1f1.jpg 111,321,251,356,1 187,256,253,275,3 220,165,269,197,3 317,6,386,71,2
IMG_4545_jpeg.rf.cec3ad84d9d4d56409a5052e567ce3be.jpg 70,96,117,193,1 77,170,416,373,2
IMG_3989_jpeg.rf.8ba9dd0d82fc2c13cb3e6867806cb061.jpg 138,213,322,348,1
IMG_4586_jpeg.rf.8eae8d7986b9fb105eb2c11983246a27.jpg 157,107,193,170,0
IMG_4319_jpeg.rf.c0eb07c797609b59f9c49e9fc9af5814.jpg 10,125,376,250,3
IMG_4166_jpeg.rf.e76bffd5efd3499d04d9fde43fb375c6.jpg 40,132,397,267,3
IMG_4288_jpeg.rf.cee8af588f694d51356cf0edb31a3835.jpg 109,87,364,252,3
IMG_4572_jpeg.rf.b6fbdabe58030d172fd8cfc4db52f87a.jpg 183,256,284,303,0 142,119,255,221,2 0,97,396,416,2
IMG_4318_jpeg.rf.f48a8e8b9bf0ade7a34c207bd8c2bee2.jpg 39,116,397,252,3
IMG_4383_jpeg.rf.368f521f445487871aba0e4070436a7a.jpg 58,102,281,365,3
IMG_4535_jpeg.rf.65c1846c34c776388b404757d7b93a20.jpg 165,0,416,416,2 217,218,336,416,3 61,230,148,287,3 27,183,133,229,3
IMG_4498_jpeg.rf.b7635e9cc1fb502b0768f76ef20bfdf9.jpg 290,0,416,248,2 99,220,352,266,3 160,170,277,215,3 209,129,284,170,3 2,269,92,416,0
IMG_4580_jpeg.rf.fd097c618247f84bd9c7d693bc6a7072.jpg 244,205,281,217,0 257,0,408,415,2 107,141,283,290,2 0,154,104,265,2
IMG_4221_jpeg.rf.3223dc2bd8430c65fc4c3595af67a3bd.jpg 111,102,251,233,3
IMG_4509_jpeg.rf.c8329bd7567b654cef49e9f28bacfbda.jpg 93,257,297,308,3 242,274,377,340,1 207,209,415,317,2
IMG_4192_jpeg.rf.24d4b1782e4ebfcf77573b0dc85d2f14.jpg 67,157,342,309,3
IMG_4220_jpeg.rf.153d09fc1b541cf28832ac5206944b44.jpg 116,91,275,211,3
IMG_4565_jpeg.rf.699022d4a527d55fde0452b4c62e2191.jpg 243,187,270,192,3 261,177,286,182,1
IMG_4207_jpeg.rf.c11d4a7382dd2773cd93bfcb1a45a750.jpg 121,94,360,293,3
IMG_4241_jpeg.rf.32a7e1300b08bded703aa02ebd9d90c1.jpg 201,74,279,280,3
IMG_4248_jpeg.rf.ee26cf2293f3c3c6dc17d787d2e00e75.jpg 63,121,263,202,3
IMG_4174_jpeg.rf.b72dff7ebd1c23a33fb54ab8e82add49.jpg 84,64,346,206,3 280,0,383,32,3
IMG_4285_jpeg.rf.366b8e4aabfd28b5a5e60f86454728bb.jpg 154,74,342,249,3
IMG_4615_png.rf.61c202d5584d49e778db06cfa828b13a.jpg 215,205,334,225,3 234,223,326,261,0 175,296,322,309,1 206,225,262,238,3 205,311,312,351,3 39,69,300,243,2 287,51,416,232,2
IMG_3990_jpeg.rf.259c184ec5aa5786d00fad7bbc9bcaa7.jpg 149,182,362,241,1
IMG_4447_jpeg.rf.a21c728516a5cb54735d2383659dfa85.jpg 120,165,280,218,3
IMG_4309_jpeg.rf.5b1b9416026e0d53922f54a3ae01d8f4.jpg 30,70,297,215,3
IMG_4179_jpeg.rf.81f0e061171e699af46e484c83244e55.jpg 171,47,253,302,3
IMG_4493_jpeg.rf.d978be8a7a7f8ac9f58cfc459aade5ba.jpg 171,127,283,177,0 185,111,288,148,0 199,205,255,254,3 157,196,278,220,3 208,256,278,369,3 304,371,416,416,1
IMG_4571_jpeg.rf.7b8f65ae6e32d272d02e60319de59057.jpg 175,276,280,327,0 7,125,393,416,2 140,135,262,234,2
IMG_4177_jpeg.rf.25a02afb7ac771f5a178911b6db53289.jpg 104,20,302,220,3
IMG_4371_jpeg.rf.e90a2763bf6708b3a6758a2ddf0b4c33.jpg 313,0,390,26,3 95,56,316,253,3
IMG_4238_jpeg.rf.c0a43b0bd8153e881892621c6cb07607.jpg 127,147,254,341,3
IMG_4031_jpeg.rf.9d783aba5a447066bcd7d7d1240a684e.jpg 171,239,250,256,1
IMG_4506_jpeg.rf.ca6298f55995eadbc3aa5b90ec55325a.jpg 104,245,278,342,3 242,289,370,340,1 197,207,416,290,2
IMG_4599_png.rf.6fa746d240b11147067e9a18b586554e.jpg 158,197,231,221,1 214,228,271,242,3 205,314,313,349,3 48,86,346,294,2 296,103,416,212,2
IMG_4329_jpeg.rf.dcabc5dfd4c98e4079c2990bd93f8c43.jpg 132,100,373,216,3
IMG_4317_jpeg.rf.aad67ba4cf53581befc9ec5eb873c2bf.jpg 45,103,397,231,3
IMG_4480_jpeg.rf.d7ca4ebe0f624770141c5864196744a6.jpg 206,183,276,197,1
IMG_4511_jpeg.rf.3b5e16116ca0431d8219ff07a84258ff.jpg 280,344,416,384,3 253,283,382,334,1 350,285,416,373,2
IMG_4327_jpeg.rf.57f0ccba3741b5d1b5f9791049e1a8f3.jpg 40,126,294,246,3 302,63,373,83,3
IMG_4219_jpeg.rf.ced8d51500fcc3d344ada95a85154fcd.jpg 117,76,298,196,3
IMG_4502_jpeg.rf.8391aaa3bf5411958bcec1227f0e8b5e.jpg 40,245,234,330,3 180,275,308,327,1 140,164,416,416,2
IMG_4590_png.rf.57c99a80c682c829655dfc412b6d6529.jpg 96,286,192,335,3 208,314,314,350,3 43,197,77,260,0 0,100,210,223,2 196,101,416,333,2
IMG_4380_jpeg.rf.452491f5f5aae373f157f52ed8d01a6f.jpg 50,80,342,347,3 0,0,76,46,3
IMG_4188_jpeg.rf.67eee1e11eb24c7b4d84020966b3900c.jpg 214,44,415,87,1 153,111,300,358,3
IMG_4237_jpeg.rf.bdb06bacc76306afee551cc97e975cbf.jpg 126,143,273,310,3
IMG_4519_jpeg.rf.267fce654a8daaacdd6295fd6eb10c58.jpg 154,0,416,415,2 166,222,231,281,3 95,310,165,344,3 80,256,168,265,1 88,276,168,302,3 1,377,53,416,0
IMG_4272_jpeg.rf.fb3d056942f012a41dfa7abd7d46d406.jpg 69,93,381,164,3 97,0,246,31,3
IMG_4290_jpeg.rf.b2cbdfde68c7a55a4b4dedf1a7089379.jpg 82,132,338,323,3
IMG_4281_jpeg.rf.4be4c4b8714e5ba96916b5db5ab2ae34.jpg 179,75,264,240,3
IMG_4222_jpeg.rf.61f32a381aca66f4ebed12086d13f8bd.jpg 110,114,238,247,3
IMG_4516_jpeg.rf.e4debbc7bcc46cbf5d4d6a6cf13200f9.jpg 131,0,366,415,2 151,273,208,334,3 105,356,168,397,3 84,323,162,356,3 70,302,157,317,1 368,155,416,334,2
IMG_4462_jpeg.rf.417e778293b7a580d9518cdfd4674b2e.jpg 77,166,218,214,3
IMG_3999_jpeg.rf.164c3354786444619cf0ab77ea28a99c.jpg 97,154,308,366,1
IMG_4600_png.rf.bbde87f5f0bffad023ed33dc91bce2fb.jpg 157,207,208,221,1 158,222,241,279,0 236,223,327,262,0 68,284,173,329,3 207,312,311,351,3 42,111,311,208,2 182,122,416,243,2
IMG_4421_jpeg.rf.190a85231898583aabce01c39b8ae366.jpg 114,109,300,223,3
IMG_4518_jpeg.rf.d7aabd44587c1b0b3a706142c71d4a7b.jpg 149,247,206,282,3 70,317,154,346,3 83,349,153,385,3 62,298,152,309,1 131,0,379,416,2 383,166,416,361,2
IMG_4235_jpeg.rf.c919f423500065348b7c88aec1aff9d6.jpg 128,150,291,246,3
IMG_4198_jpeg.rf.aa1eebae67bc265e4ced63c668e5579e.jpg 128,98,259,297,3
IMG_4206_jpeg.rf.c9210c44ae06eb6d8e18aeb91894f418.jpg 126,94,340,312,3
IMG_4435_jpeg.rf.6951ed17a75a7e246bca65f24f49326c.jpg 101,141,280,257,3
IMG_4566_jpeg.rf.b45d4fc048b0da8d3e63f32bcbbc9edf.jpg 251,229,279,235,3 257,221,285,226,3 260,210,289,219,1 271,219,293,224,3 165,277,216,300,3
IMG_4343_jpeg.rf.4f34afd15fee09ecefe34f54913fdc51.jpg 121,59,290,259,3
IMG_4375_jpeg.rf.0c3f311b4ede1b2de7ca927738c3a612.jpg 48,102,300,260,3
IMG_4326_jpeg.rf.9755bc7cd62d7c2f42f5aa202df3446e.jpg 14,107,294,210,3 331,55,413,73,3
IMG_4344_jpeg.rf.d3704c6623e092f35657f0e41af9d920.jpg 133,51,298,254,3
IMG_4432_jpeg.rf.2841302f0ec4ded98d3a2a01f45d7cc1.jpg 128,125,277,306,3
IMG_5068_jpeg.rf.8a7ef5aead5f616c00c5df4164825bf4.jpg 145,25,254,416,2
IMG_4194_jpeg.rf.e725abcdd0351941378ff735f48faa12.jpg 87,117,334,287,3
IMG_4473_jpeg.rf.a58b3baf8053c5a433db550762863d0c.jpg 120,233,153,275,1 205,245,232,268,3 202,177,230,213,3 292,209,362,236,3
IMG_4449_jpeg.rf.6745566b98aa068af0d6cfdb4cfdaaed.jpg 132,160,289,223,3
IMG_4605_png.rf.3023f1f5f783f54670107f45d4482e11.jpg 60,194,190,213,0 91,200,151,231,1 67,285,174,328,3 201,313,314,349,3 235,228,315,261,0 205,101,416,241,2 0,100,229,213,2
IMG_4457_jpeg.rf.9fa5e6692caa2e250ffd64ce66769544.jpg 146,140,256,208,3
IMG_5001_jpeg.rf.1a3edc608e1a996c10be83547ef9e9a8.jpg 123,0,171,69,2
IMG_4213_jpeg.rf.529807cb95e37bc8677fe88ebbfbd1e2.jpg 76,138,376,220,3
IMG_4495_jpeg.rf.219b78aa070b1c160ad7a3a6f73673f0.jpg 82,292,268,346,3 0,300,69,353,3 246,176,318,286,1
IMG_4382_jpeg.rf.dc3a1ae135d77b85ef049a41ab82439b.jpg 66,83,312,355,3
IMG_4517_jpeg.rf.b02f00fdc321ec30b1eced1c7909d9cd.jpg 187,183,255,336,3 93,334,170,370,3 76,302,167,330,3 71,285,163,294,1 155,0,416,416,2
IMG_4539_jpeg.rf.124980431f4d2b52f3cdec9fdd79f0ee.jpg 253,275,328,321,3 247,243,337,278,3 212,179,304,200,1 235,100,416,415,2
IMG_4223_jpeg.rf.61d31ac5cc73ba084ba1872b96165e49.jpg 99,111,215,249,3
IMG_5051_jpeg.rf.e8aa490b037ea8cf381559b6ed9e244d.jpg 208,155,322,333,2 115,237,367,295,2
IMG_4456_jpeg.rf.007bc1df77f3f34cfb9443360edbb5c8.jpg 193,128,305,188,3
IMG_4448_jpeg.rf.3640dccdad4907f0b3dcdde2dcf54253.jpg 121,166,281,223,3
IMG_4200_jpeg.rf.fdce8b1d09d1cadb60a3461dd737f6db.jpg 124,88,244,320,3
IMG_4411_jpeg.rf.7bf4c63c9d91ab05cc381dc6f1aeafcf.jpg 149,230,301,328,3
IMG_4362_jpeg.rf.15b688c2488eb0035e3ea0a96d584830.jpg 117,53,338,214,3
IMG_4540_jpeg.rf.75aff9b2f8d55530c611b13c70964d78.jpg 115,225,322,304,1 109,323,202,374,3 108,343,218,401,3 155,377,219,416,3 222,178,416,415,2
IMG_4429_jpeg.rf.a3066db96eb5eef604f454296f9d04fb.jpg 120,122,233,280,3
IMG_4374_jpeg.rf.7382725facca5025f7fc5d154f47ecb1.jpg 71,76,316,270,3 242,0,319,15,3
IMG_4530_jpeg.rf.c50005d4057e3bb4f36fe0c4074fb02b.jpg 251,0,416,416,2 188,148,346,172,3 35,283,128,347,0 176,270,249,282,3 185,257,261,267,3 204,250,267,258,1
IMG_4606_png.rf.682a3bd2b9f4285099af9936ff5a0e68.jpg 67,191,192,215,0 76,295,177,327,3 183,293,335,306,1 204,316,313,350,3 230,221,328,262,0 257,94,416,219,2 0,86,243,310,2
IMG_4267_jpeg.rf.143e45c01d239f43de717e28fb8b4648.jpg 122,113,372,309,3
IMG_4252_jpeg.rf.1e1c2cdba1b721fa4acff525d1b7169e.jpg 174,93,276,225,3 0,0,85,69,3
IMG_4228_jpeg.rf.ea2a3f8e6abbebc6db32f41a2cb8cc8a.jpg 147,114,221,255,3 394,126,416,156,3
IMG_4029_jpeg.rf.b5a7c0cb8077887a810c63de4ac151ac.jpg 158,198,314,211,1
IMG_4526_jpeg.rf.359a6c58ef375aec12d3c7c5fb6c4749.jpg 224,0,416,414,2 202,202,295,248,3 200,254,265,272,3 91,286,158,397,0 0,311,86,416,0 205,228,282,240,3
IMG_3991_jpeg.rf.2cef46eb3f61c0689f85e530fd40a54a.jpg 185,161,394,296,1
IMG_4270_jpeg.rf.d1c0b86fa0f33bcffb7c0bbbf8b87bb1.jpg 59,76,349,144,3 150,0,296,18,3
IMG_4428_jpeg.rf.e7ecb1f718d2c28a99d560950f782687.jpg 101,93,208,262,3
IMG_3993_jpeg.rf.ce631465dad7e4252dfe6c90c1a484df.jpg 125,191,294,210,1
IMG_4560_jpeg.rf.7f31689cfeef62cb83af7897eb86984d.jpg 193,249,220,253,3 107,253,150,269,0 218,115,339,368,2
IMG_4490_jpeg.rf.adbdbf348df078430904f3c598779be0.jpg 143,206,256,291,0 173,177,279,237,0 221,143,262,164,3 203,160,289,173,3 232,121,263,144,3 165,112,237,121,1 240,0,321,206,2
IMG_4251_jpeg.rf.8bad5a05a43e12fdec893aef5e9bfb8a.jpg 182,123,306,243,3 18,0,147,74,3
IMG_4507_jpeg.rf.ad6f821d54175d0763980b9d479966ec.jpg 84,246,288,310,3 267,299,377,343,1 202,208,416,309,2
IMG_4581_jpeg.rf.558f76d5816c26fab542fd9fc4f82768.jpg 216,291,253,352,0 243,207,279,217,0 0,153,102,262,2 104,141,283,289,2 246,0,410,415,2
IMG_4286_jpeg.rf.3ff260ca492e4558346a3b7ac37e0229.jpg 133,76,346,251,3
IMG_4492_jpeg.rf.bf5f179fedda1b5b7d47d92ed1bc373e.jpg 237,176,329,298,3 270,186,407,225,3 0,181,170,313,0 1,193,46,233,0
IMG_4597_png.rf.9e62b682c58923a45dd3f50f21d0c13b.jpg 158,196,245,221,1 214,228,271,242,3 158,223,239,278,0 228,240,340,265,0 97,286,192,335,3 206,314,313,349,3 0,116,257,276,2 268,104,416,257,2
IMG_4388_jpeg.rf.6df869949b2708ca6c91a3e9c96326d4.jpg 120,98,385,416,3
IMG_4547_jpeg.rf.53686082b59091eeb9beb63d18125347.jpg 314,393,384,416,0 316,359,416,401,0 288,314,313,330,3 305,318,327,334,3 98,197,176,211,1 141,58,416,379,2
IMG_4292_jpeg.rf.725fe4001ec31ebe3c7f15700539ab7b.jpg 98,70,354,237,3
IMG_4610_png.rf.339204fd21182c64c00c18a4a1f5d156.jpg 205,226,264,239,3 204,313,317,349,3 65,284,175,325,3 175,296,323,308,1 288,242,322,292,0 234,222,328,261,0 0,73,233,207,2 282,114,416,263,2
IMG_4504_jpeg.rf.7b013c526cdc0a3bf1b7d3197b8907a3.jpg 175,207,416,292,2 78,215,262,304,3 228,286,352,336,1
IMG_4398_jpeg.rf.31baaab03c0aaced60d92668a7919b23.jpg 70,146,401,280,3 227,116,297,145,3
IMG_4366_jpeg.rf.03372d8584a686409212938bb2de2ff3.jpg 107,42,365,218,3
IMG_4313_jpeg.rf.7fb9c7b33ab5e5bfdbbdc08c410ead30.jpg 0,84,276,222,3
IMG_4249_jpeg.rf.6edf982239e837df7f737a8853f45935.jpg 81,114,289,208,3
IMG_4333_jpeg.rf.6ba3a6f077b01e6d5a14b1d8733f324b.jpg 137,96,340,193,3 28,41,94,63,3
IMG_4469_jpeg.rf.968c745050673a17927df322de2db288.jpg 223,215,330,234,3 122,233,171,256,3 181,158,212,205,3 29,208,108,245,1
IMG_4477_jpeg.rf.679ede221c0e2bc3d9fe5ef0df1a2241.jpg 278,41,325,100,2 141,244,211,262,3 59,304,211,336,1 180,160,225,189,3
IMG_4316_jpeg.rf.f54967f8da3e4b61ba28c474efcd16da.jpg 19,102,357,243,3
IMG_4622_png.rf.48b7aedd6052995bf684cf2fa32ca214.jpg 204,226,262,241,3 118,285,142,351,1 205,204,292,222,3 234,222,327,261,0 219,208,337,235,0 205,313,315,351,3 44,77,302,210,2 274,53,416,187,2
IMG_4585_jpeg.rf.686b7e36e65cf2fd0c31f98f13644be2.jpg 183,186,205,223,0
IMG_4422_jpeg.rf.24afff0fb89bdee91586fb374ac124bf.jpg 142,137,311,258,3
IMG_4534_jpeg.rf.bd0ef0de8106179eee219554a5fc0d2b.jpg 205,192,240,314,3 125,217,193,249,3 12,277,87,416,0 111,167,178,173,1 150,0,416,416,2
IMG_4173_jpeg.rf.a71bdfe0426ce7a1c92300f058dfc8ce.jpg 111,49,408,155,3
IMG_4158_jpeg.rf.ce999592a6df21e47cb885148c7c3eb4.jpg 100,301,257,349,1
IMG_4450_jpeg.rf.8b99cdfb318d9455d02e2bee1771cb3f.jpg 148,156,292,223,3
IMG_4261_jpeg.rf.de80e9e15824fe635c74b7caa0962687.jpg 138,76,279,267,3
IMG_4425_jpeg.rf.99cbf32e4e5da32e7a9bdff3fde3ea08.jpg 110,99,250,234,3
IMG_3998_jpeg.rf.4b3483c03a5ceff4c60853822f2c1458.jpg 191,129,313,360,1 209,0,416,101,2
IMG_4233_jpeg.rf.346ff141b3989011bbdea7558a7540dc.jpg 109,151,281,232,3
IMG_4172_jpeg.rf.350489de12ca646c48cc73fa28dde2de.jpg 92,107,385,189,3 186,15,283,43,3
IMG_4300_jpeg.rf.88c748f6f92f224d7ebfa4563c5c1068.jpg 184,45,328,348,3
IMG_4018_jpeg.rf.bf5271ea9a07cb7a0a09cad324a2e0e1.jpg 200,214,229,244,1 0,212,224,416,2
IMG_4426_jpeg.rf.c74e64f52d1d8f3d0c9b93a7f08da55f.jpg 110,108,248,261,3
IMG_4542_jpeg.rf.cd27329db1e69da31f79556814e57bbc.jpg 156,0,416,415,2 62,328,152,382,3 61,347,167,408,3 116,379,170,416,3 49,221,238,321,1
IMG_4474_jpeg.rf.61efb5aa65f35599a26ed3ebcaf96586.jpg 137,212,165,265,1 245,228,276,255,3 212,149,244,192,3
IMG_4004_jpeg.rf.8277d26209b9f84e9a66deb9ea56b14d.jpg 183,84,231,341,1 14,250,231,415,2
IMG_4556_jpeg.rf.88538b1316adfac31e96acf6964cf754.jpg 107,209,189,346,0 136,11,416,416,2
IMG_4510_jpeg.rf.d3f092f5b4d45c299d0e6845541b93d8.jpg 244,213,415,343,2 123,280,329,331,3 247,283,380,339,1
IMG_4621_png.rf.3fa55d7cda1aacf3ce0659b009ccc942.jpg 204,198,284,222,3 205,225,263,238,3 118,285,141,352,1 250,200,386,226,0 234,220,334,261,0 208,314,314,354,3 26,90,280,240,2 275,87,416,225,2
IMG_4202_jpeg.rf.df98b1e9877b4cf715e06fb2cbfb94a9.jpg 196,92,310,350,3
IMG_4034_jpeg.rf.f7628b115a6a4440dcb46b5c05c2a58a.jpg 143,275,160,349,1
IMG_4403_jpeg.rf.056b8f25a74dea1fc04451ca6166133f.jpg 54,183,282,267,3 46,135,121,161,3
IMG_4408_jpeg.rf.8d00227e165c4dc547fb22b2e97b8c70.jpg 97,234,264,334,3
IMG_4203_jpeg.rf.c751e5692bba4e35abbcdb0737d58eaf.jpg 176,73,309,311,3
IMG_4293_jpeg.rf.4390f56c86f3b935f418f5c362ac78bc.jpg 69,63,329,225,3
IMG_4014_jpeg.rf.312da24146c08315fa1eb3b06ed7ce2f.jpg 173,233,232,294,1 0,241,253,416,2
IMG_4224_jpeg.rf.1714e097f815a76648a9100117ba3445.jpg 93,114,205,254,3
IMG_4314_jpeg.rf.5099016a3195a178135c1d16ea51f394.jpg 0,93,288,220,3
IMG_4262_jpeg.rf.342a11999d08ecf8ef2b498f48001827.jpg 138,77,269,255,3
IMG_4330_jpeg.rf.336b168a74df6bcf3282f1473246e886.jpg 130,124,332,257,3 168,45,230,70,3
IMG_4500_jpeg.rf.cc8752c71f78b6b2459ef6e5d442f496.jpg 112,260,168,390,3 149,286,254,323,3 256,257,368,291,3 375,119,404,245,1 239,288,416,416,2
IMG_4163_jpeg.rf.9dc6019e6e57a7cfd0e3dde7adb091c7.jpg 142,78,305,336,3
IMG_4263_jpeg.rf.3a3592a3efc975fa41cddec32df527c5.jpg 172,82,300,263,3
IMG_4353_jpeg.rf.07012529347860318ba24e6cd40e8522.jpg 58,97,372,284,3
IMG_4020_jpeg.rf.b776c303e6c5021e686b799e275544c6.jpg 65,211,254,245,1 0,234,230,416,2
IMG_4021_jpeg.rf.5c0a56d400cc710cf3320d7e6a79c80b.jpg 204,178,255,289,1 0,235,249,414,2
IMG_4181_jpeg.rf.675e3c47e7f4db767ffe8874db066f6c.jpg 128,72,331,272,3
IMG_4452_jpeg.rf.6dbc76396ff82b551b8012c39fbcbb5d.jpg 135,146,249,209,3
IMG_4406_jpeg.rf.fadfec700f6c487488daaeb829f2ed57.jpg 104,215,308,321,3 0,169,58,201,3
IMG_4283_jpeg.rf.f4b5472635f6e92fc16d357d517c6583.jpg 147,91,278,276,3
IMG_4574_jpeg.rf.127bcd166101769c987a015fb717fd31.jpg 172,251,272,300,0 0,93,365,411,2 142,117,251,212,2
IMG_4210_jpeg.rf.8f01879522a8441f8a500c9e8d839b89.jpg 134,136,416,262,3
IMG_4440_jpeg.rf.140953ceffe16d6c2a812f3a5fda6162.jpg 138,133,320,229,3
IMG_4405_jpeg.rf.10d71a31a3f4fca93ec1dd004c60342b.jpg 44,218,276,316,3 0,154,71,179,3
IMG_3996_jpeg.rf.ea0124137bd4dad1746a63e47ea619cb.jpg 274,144,416,203,1 0,148,168,415,2
IMG_4358_jpeg.rf.b18c64f2fc4308338bc4e7063658c846.jpg 326,14,416,69,1 174,97,388,346,3
IMG_4531_jpeg.rf.ab75d774b79ed87a8ace110718c37f21.jpg 114,0,395,416,2 126,211,179,284,3 70,287,133,323,3 0,357,46,416,0 46,254,125,284,3 25,236,118,245,1
IMG_4363_jpeg.rf.6ddba498c38f60adb0b6a72f0d94c6a5.jpg 126,28,354,185,3
IMG_4430_jpeg.rf.a60d2ab7072cbe08daa8b952946bd1af.jpg 173,117,286,300,3
IMG_4601_png.rf.7b89779cf2277d3a32dfa0571665f18b.jpg 157,196,245,221,1 214,228,272,241,3 233,239,285,262,0 69,285,173,328,3 204,314,313,349,3 44,98,355,289,2 304,89,416,214,2
IMG_4466_jpeg.rf.f12ad7693f7e74f568c88335651db2d4.jpg 117,237,179,303,1 226,222,285,251,3 128,145,162,197,3
IMG_4336_jpeg.rf.5e5551a72698b888304dc4f909f1ac9e.jpg 63,86,308,196,3 334,58,416,86,1
IMG_4562_jpeg.rf.4a7d1a21078478eda8c82745aa236210.jpg 86,294,183,416,0 306,220,390,245,3 271,151,380,184,1 303,183,395,209,3
IMG_4170_jpeg.rf.2702ef8265fe7c4729c0d57cca89f046.jpg 73,142,358,221,3
IMG_4407_jpeg.rf.0073cdcec8d79d0cdd5c48260328eb87.jpg 109,223,298,329,3 0,172,35,202,3
IMG_4496_jpeg.rf.ae817fc458f339b1c650119e89dda691.jpg 30,297,332,371,3 181,220,336,286,1
IMG_4482_jpeg.rf.74b2e090878dfa6068499b6b05c3e162.jpg 192,344,219,415,0 108,2,213,203,2
IMG_4006_jpeg.rf.10bba5000242fb54757482736f74f7cd.jpg 181,100,245,355,1 6,256,213,415,2
IMG_4446_jpeg.rf.9954c925d0574ead892cc12556dab3af.jpg 116,147,281,200,3
IMG_4010_jpeg.rf.b51940a1214e5867b96fc2f28dd9f8b7.jpg 154,85,219,369,1 3,243,223,416,2
IMG_4488_jpeg.rf.1ce9894b57bcacd8551cab95f3352554.jpg 334,85,416,189,2 113,0,242,290,2 87,301,209,386,0 118,269,226,324,0 164,233,200,254,3 145,248,226,261,3 111,206,175,216,1
IMG_4569_jpeg.rf.47d67e227e63ef7f8cbae993a21e2d24.jpg 92,227,253,328,0 92,0,243,136,2 164,1,414,240,2
IMG_4484_jpeg.rf.87e901216c1ef866093e4e3e54257065.jpg 105,258,309,277,1
IMG_4257_jpeg.rf.f6902e144b722818043ba79ddbb361e4.jpg 183,87,241,245,3
IMG_4178_jpeg.rf.9e8ea43e9f81600eb503a2dc4e04be22.jpg 109,0,253,182,3
IMG_4389_jpeg.rf.0ab4c85c391df540ef3d8ee66ef3dbd5.jpg 98,85,375,394,3
IMG_4555_jpeg.rf.6be2ad22c152283e9996f1a0994dac76.jpg 89,215,175,349,0 127,24,416,416,2
IMG_4165_jpeg.rf.66c7b132f39a75eb80b3004f63fd184a.jpg 46,147,408,272,3
IMG_4619_png.rf.e73de56bb58f02076d8d7a196938cc74.jpg 204,196,292,221,3 205,225,268,238,3 233,222,326,261,0 218,221,260,227,0 118,284,142,352,1 208,315,317,348,3 20,84,282,212,2 261,87,416,259,2
IMG_4364_jpeg.rf.ce474f22a40579726d7cf92b34acf1d9.jpg 129,31,380,192,3
IMG_4373_jpeg.rf.ac46e6e5c40587f66afe44a57837301e.jpg 86,69,328,268,3 272,0,351,21,3
IMG_4413_jpeg.rf.502e2f469c4c9f4ae5affa129e6fb842.jpg 129,203,285,297,3 282,153,355,170,3
IMG_4437_jpeg.rf.0fcbf113c224c71bffdc31fceb272cf7.jpg 111,143,290,277,3
IMG_4415_jpeg.rf.c65ee87398a948d4986a1b468e0f18b1.jpg 88,215,285,339,3 201,145,267,161,3
IMG_4305_jpeg.rf.af7d367affdf0bbd66fddb44a82fb728.jpg 158,69,376,290,3
IMG_4161_jpeg.rf.747c55cbe4d1a7c56d0cbd5d9ed2ff5f.jpg 114,278,275,318,3 141,80,197,88,3 133,126,226,140,3
IMG_4186_jpeg.rf.b767c3825900fdcfe6edeb46509b9afc.jpg 95,118,285,334,3 342,50,416,102,1
IMG_4602_png.rf.4de900838a6bf96d39de5ea72d0856bc.jpg 159,196,246,220,1 209,227,210,227,1 69,285,172,329,3 206,314,313,350,3 184,222,217,241,0 51,109,298,218,2 209,105,416,284,2
IMG_4030_jpeg.rf.3a75ddf1879447923bc0fc36ea8dd3c7.jpg 153,156,304,170,1
IMG_4386_jpeg.rf.b1b4a8c993e0f28c74ca1e21ffd2f30d.jpg 109,74,321,400,3
IMG_4201_jpeg.rf.cb35f9c2cb580f68c1496253b250e18e.jpg 163,88,276,337,3
IMG_4459_jpeg.rf.a123c77e9fa7ff847f8828ef69efd4a6.jpg 94,155,228,223,3
IMG_4350_jpeg.rf.f4697178bf49cdf0857724c593f80773.jpg 51,94,375,337,3
IMG_4438_jpeg.rf.736669c72dd54c93b5468b28ae7baab7.jpg 128,155,307,311,3
IMG_3997_jpeg.rf.b898ffcf7e4b3900a8614af65528b659.jpg 201,155,337,416,1
IMG_4002_jpeg.rf.76519654cb313b0d0a7c629c34043f71.jpg 189,179,217,285,1
IMG_4244_jpeg.rf.20468b6cb9f201560e9fd15d0fb9d7e3.jpg 116,103,288,218,3
IMG_4266_jpeg.rf.3cb718c6b6b62fb8de61c4483d460d69.jpg 144,96,359,290,3
IMG_4242_jpeg.rf.945f86094c539c375b4e83370a85afdb.jpg 124,79,250,257,3
IMG_5002_jpeg.rf.5eb034f8d5081be39a2fb25546ae00e7.jpg
IMG_4596_png.rf.960ddafc96e182a30d0467c5bd02a842.jpg 158,195,247,222,1 156,223,240,279,0 97,285,190,336,3 206,314,313,351,3 215,226,272,242,3 95,116,356,219,2
IMG_4439_jpeg.rf.367cd6627cbe5ae2d6ce0c9352743a69.jpg 185,148,366,317,3
IMG_4212_jpeg.rf.6d6392092593caee6efe7d301f4791c6.jpg 70,137,362,218,3
IMG_4183_jpeg.rf.148db6128e1bcd6f4a757907273be549.jpg 44,75,352,220,3
IMG_4334_jpeg.rf.edb736703248fc4da9d862a83ca17d49.jpg 129,131,336,255,3 0,51,50,71,3
IMG_4279_jpeg.rf.58480a3bf2d8c7f56d2420d82ec70baf.jpg 195,87,271,240,3
IMG_4162_jpeg.rf.565df001c8fba2c2c550c8d87f243698.jpg 187,100,318,361,3
IMG_4381_jpeg.rf.517932633907ef00ed7fccc3f9c8bf86.jpg 67,66,346,337,3 0,0,54,29,3
IMG_4494_jpeg.rf.f7f8159c5cd6ee43588206ff837d6674.jpg 171,131,310,366,1 0,283,112,388,3
IMG_4171_jpeg.rf.87c95fec2de13e17a5ea5368120f8707.jpg 83,101,363,193,3
IMG_4451_jpeg.rf.3828623cc3f4de36dd325493aa1e6482.jpg 152,150,288,219,3
IMG_4016_jpeg.rf.b1c6d6169258e8c696b60c337bd0bcbe.jpg 106,125,244,352,1 62,207,238,416,2
IMG_4434_jpeg.rf.898552b14ee836c80668bf40974c983f.jpg 81,145,254,299,3
IMG_4486_jpeg.rf.434420f8c44f600aff13cabad26d92a6.jpg 209,263,356,296,0 150,290,209,375,1 166,288,327,324,0
IMG_4414_jpeg.rf.578a5481a17f8b060a0d1ffe0c87f8e5.jpg 259,151,327,165,3 123,207,292,304,3
IMG_4612_png.rf.a7ddbadbc020dd206a8b5518992fe695.jpg 238,202,338,221,1 232,223,327,261,0 205,225,262,238,3 175,296,320,308,1 206,314,315,350,3 55,83,286,229,2 280,97,416,199,2
IMG_4607_png.rf.ae2dd9e477e03f04542a2393eb59686d.jpg 68,284,174,326,3 180,291,328,306,1 148,188,248,213,0 203,315,309,347,3 229,220,333,263,0 277,104,416,207,2 0,84,263,202,2
IMG_4390_jpeg.rf.5950a25de150af952a1c8e4f5fb10d2a.jpg 116,109,389,258,3
IMG_4271_jpeg.rf.8f5c2e92d5de6a5a2099f04e8444b101.jpg 61,89,385,162,3 111,3,264,25,3
IMG_4307_jpeg.rf.80290f299ddb1c710e78279bbbfa4a0e.jpg 120,78,368,236,3
IMG_4376_jpeg.rf.d94e5d9f8e1fa12257c7fa0e82e174e4.jpg 80,114,340,288,3
IMG_4370_jpeg.rf.3438963f48a687937fe5908b9042e150.jpg 93,51,305,252,3 324,0,416,36,3
IMG_4505_jpeg.rf.2703dde83e1bbd05eb7e50128e7981c6.jpg 239,287,365,341,1 121,201,280,335,3 192,199,416,305,2
IMG_4417_jpeg.rf.4987cc027181b722049ec711002dfcb7.jpg 129,230,397,355,3 116,127,183,148,3
IMG_4230_jpeg.rf.1c6ec6539c78dca96f899070404af4fe.jpg 122,116,221,263,3 342,138,416,188,3
IMG_4308_jpeg.rf.4efe1d60d2055d28029e819e0318925f.jpg 37,67,301,195,3
IMG_4524_jpeg.rf.6e1d828885d8ea27246b9b8d5f8b8ee0.jpg 295,48,415,237,2 20,0,294,395,2 230,130,413,153,1 37,348,233,416,1 82,261,123,309,3 14,231,83,277,3
IMG_4503_jpeg.rf.4200cecab3df7e70c8fc6bc7407fa9dd.jpg 163,203,416,304,2 77,235,258,294,3 205,279,335,330,1
IMG_4009_jpeg.rf.660d7704afbc196d12dd0d9a5af53598.jpg 150,79,214,354,1 1,238,216,416,2
IMG_4026_jpeg.rf.ffe03a826b6743b64a14c0e8d1035de3.jpg 152,164,252,206,1
IMG_4576_jpeg.rf.9736cb6e5161bffcab81b578e52aad90.jpg 244,244,349,299,0 124,292,235,347,0 248,0,416,416,2 0,134,335,416,2 135,147,240,243,2
IMG_4554_jpeg.rf.f18778f5d399882fac9a91fd41139ccb.jpg 79,197,193,327,0 34,390,87,416,3 64,408,100,416,3 133,0,416,412,2
IMG_4514_jpeg.rf.479809cf9ad2754834124f19ea61429f.jpg 42,190,247,303,3 102,373,235,414,3 153,311,293,338,3 200,240,319,290,1 142,157,416,266,2
IMG_4275_jpeg.rf.8c365e6dfdf512865375a50fd0526502.jpg 106,72,274,180,3
IMG_4419_jpeg.rf.4cfefed8be19431fd841364aba56e6e2.jpg 112,100,316,223,3
IMG_4404_jpeg.rf.5c52716d45bc1e16b56d7f936683ea2e.jpg 30,199,259,284,3 0,135,82,168,3
IMG_4497_jpeg.rf.708d70e68149a667d7bd406da578495a.jpg 47,249,287,352,3 108,209,271,259,3 222,156,332,208,3 157,128,292,152,1 314,144,416,296,2
IMG_4508_jpeg.rf.c4dc257f7cf4671fa55ea7c5a6edef32.jpg 93,251,296,304,3 219,270,377,339,1 204,210,416,317,2
IMG_4160_jpeg.rf.737338d8fdc0b7725139653c370e379e.jpg 163,281,237,320,1
IMG_4229_jpeg.rf.27857fce2fa49c760fc058399952ab0a.jpg 133,114,219,259,3 365,135,416,168,3
IMG_4340_jpeg.rf.80958ea0181ac95c5a4527d5bc7a59b0.jpg 53,80,347,150,3 192,12,329,35,1
IMG_4259_jpeg.rf.3ea8ebe3a8ffab8bb29700aec533c638.jpg 154,107,237,270,3
IMG_4234_jpeg.rf.0f2a7e84452603d11f22b20b620c9d6d.jpg 132,150,301,229,3
IMG_4372_jpeg.rf.c2c3e43bfb4b6a38833526f5b854dbe5.jpg 291,0,367,24,3 92,68,328,267,3
IMG_4609_png.rf.76b38860b8f798dbc65367d35cd5454f.jpg 204,226,263,238,3 239,222,326,259,0 65,285,175,325,3 205,312,315,349,3 181,292,323,309,1 0,72,208,240,2 198,100,416,286,2
IMG_4231_jpeg.rf.0b926a64ad824143c733befbdd736835.jpg 89,192,89,196,3 89,126,410,200,3
IMG_4015_jpeg.rf.d5fc29b19aef601f48a6c2d19c86c646.jpg 165,212,225,343,1 24,234,255,414,2
IMG_4217_jpeg.rf.948e3ebb9fa38b309cdc0704207922a1.jpg 96,101,311,214,3 42,0,132,20,3
IMG_4180_jpeg.rf.0d668b5902568564e984410769c291d8.jpg 173,54,286,287,3
IMG_4561_jpeg.rf.8114e41e91df692384b46a8e8e7b9105.jpg 111,252,153,268,0 196,247,222,253,1 219,114,337,361,2
IMG_4568_jpeg.rf.42d3c984eb4e9d62e865bce4ebbfa3b2.jpg 160,191,227,299,0 132,36,383,415,2
IMG_4304_jpeg.rf.25b67b0c8155f11ab254c9f28db955aa.jpg 134,63,342,313,3
IMG_4357_jpeg.rf.14e6353a0f2f55895a5a72e4f3fe1456.jpg 153,86,388,342,3 345,2,416,59,1
IMG_4548_jpeg.rf.51f7d1fc3aaa9f13e49036cdfb8e74a1.jpg 60,204,144,218,1 271,363,402,407,0 273,390,344,416,0 114,78,416,407,2
IMG_4351_jpeg.rf.708cb5154123718af55d20441466cf93.jpg 73,84,407,300,3
IMG_4243_jpeg.rf.d6745ef8b7e44d4b7a2b7ec9f7db7eb6.jpg 110,94,259,242,3
IMG_4424_jpeg.rf.287666fead231d0cbdb49f137ffdfa40.jpg 145,103,293,233,3
IMG_4433_jpeg.rf.dc0db3a1f921d1ba10d9563cfd3c7785.jpg 88,139,250,311,3
IMG_4310_jpeg.rf.85019251f703ff3c95d67869f525de22.jpg 30,57,300,235,3
IMG_4035_jpeg.rf.7bb7b861b1b7cfb4e5b5e793eafa2802.jpg 155,210,186,279,1
IMG_4315_jpeg.rf.416ca6dc92ea34fbf627771aea06fe57.jpg 13,99,341,241,3
IMG_4347_jpeg.rf.9bd8b3c409ebbef3c93b4e95d9736787.jpg 65,41,314,251,3
IMG_4325_jpeg.rf.023296cd5f5490b692eef3e6c2174618.jpg 15,114,313,218,3
IMG_4280_jpeg.rf.fa39211218fb7420918c3f14c754248a.jpg 176,71,256,232,3
IMG_4592_png.rf.ce0ace1abcfdcfacdd2a457f20520aa1.jpg 156,223,244,282,0 93,286,193,336,3 206,314,313,350,3 213,228,270,242,3 0,93,218,282,2 217,109,416,225,2
IMG_4577_jpeg.rf.e979199da53370b10f3531c78a6308d1.jpg 314,184,398,221,0 204,240,271,343,0 210,0,416,349,2 98,1,325,230,2 0,32,119,186,2
IMG_4361_jpeg.rf.74fe25d4c8fb11add6065581a670f0ea.jpg 132,58,347,234,3 156,0,316,25,1
IMG_4431_jpeg.rf.98bc11295eda7d0439763ff82d8655b8.jpg 167,114,294,292,3
IMG_4268_jpeg.rf.7ea8a139ec996613d417f2e6ef5f599d.jpg 84,118,359,289,3
IMG_4214_jpeg.rf.0357d75f3fc008f9037ead09b11a1581.jpg 103,125,346,213,3 0,0,48,26,1 110,0,187,11,3
IMG_4168_jpeg.rf.557784dc218035f5ac260e3ead2373a9.jpg 188,213,221,274,3 189,2,238,45,1 228,0,416,188,2
IMG_4515_jpeg.rf.713a8ada65c4c0a4da3d434351e8b0ad.jpg 120,0,340,416,2 343,162,416,347,2 163,200,226,339,3 58,340,140,377,3 85,377,146,416,3 40,319,135,333,1
IMG_4499_jpeg.rf.dcfef8e915974d099cb210c5de5c4bea.jpg 95,297,205,335,3 204,261,312,298,3 300,134,342,251,1 59,275,124,413,3
IMG_4323_jpeg.rf.75922ac5453d2946232525150b496a4c.jpg 70,127,389,246,3
IMG_4324_jpeg.rf.c2f65bc8abd3eaf455a2a088261bdca2.jpg 15,142,331,257,3
IMG_4385_jpeg.rf.6275f4d860d56ac108ff372f1d302cd8.jpg 89,86,322,406,3
IMG_4396_jpeg.rf.84b812f8d7297365f33f4862a6457c79.jpg 24,101,347,211,3 249,83,333,113,3
IMG_4584_jpeg.rf.7736e0c63416c8b692e068b78500eda4.jpg 205,212,258,281,0
IMG_4017_jpeg.rf.fee0069c18d951f4fef94a7bab791cb1.jpg 122,74,289,396,1 47,209,267,414,2
IMG_4393_jpeg.rf.6016dddca2682f29850eacadff22ce8c.jpg 17,64,264,163,3 296,50,405,90,3
IMG_4365_jpeg.rf.3db305ee17985d716115d3e637005866.jpg 111,39,366,203,3
IMG_4328_jpeg.rf.dbeedca37af76bdd8b897dd5034f58e7.jpg 79,103,321,232,3 276,43,344,63,3
IMG_4485_jpeg.rf.01b4893e5678d31a1281eda50361bd12.jpg 125,71,175,121,2 206,65,253,121,2 135,178,226,202,0 147,186,240,216,0
IMG_4226_jpeg.rf.c4e7bf6e771bece9081cf59e0792fbe1.jpg 138,96,200,240,3
IMG_4472_jpeg.rf.fc7a382757d3f4e84c3f854aa9902e6d.jpg 0,0,154,416,2 207,181,231,213,3 216,236,237,252,3 138,226,164,257,1
IMG_4169_jpeg.rf.853a4f9a128527c38ded46d40b086cf8.jpg 143,123,277,224,3
IMG_4436_jpeg.rf.5ba47fd7ef6be109f92cd9bbd9386bbb.jpg 117,129,295,240,3
IMG_3992_jpeg.rf.01796209c76caea866f3c6489d2cb200.jpg 168,117,303,276,1 274,118,328,176,3
IMG_4463_jpeg.rf.f165c9b0dc362551cdda576dd170c0c0.jpg 120,144,265,196,3
IMG_4529_jpeg.rf.7f1f2c9ccd9283222d186659e3152216.jpg 197,144,336,186,3 61,283,148,325,0 199,0,416,415,2
IMG_4247_jpeg.rf.b5fbddf739b498207a2830d3a5b0b201.jpg 60,113,246,194,3
IMG_4346_jpeg.rf.f352ea255c1fda269a218859ae34d5ca.jpg 90,42,315,255,3
IMG_4342_jpeg.rf.8186a954f79e3c5b773ddeb9b2f02a81.jpg 134,51,397,164,3 143,0,275,25,1
IMG_4409_jpeg.rf.2dcc1c11a7e5d761b4526c6a4eb13b9d.jpg 125,227,286,325,3
IMG_4573_jpeg.rf.ddaf5ab42aad7e8f84ded2ec05c34398.jpg 184,254,284,302,0 0,96,392,410,2 157,117,256,215,2
IMG_4551_jpeg.rf.88bc05d6574578c5779eacf36b23698f.jpg 264,372,377,416,0 260,345,393,387,0 230,304,250,319,3 252,307,270,321,3 268,316,278,334,3 25,193,112,208,1 86,48,416,381,2
IMG_4418_jpeg.rf.e4f0e7891f9975c5b885b7716f4eaf27.jpg 102,115,320,295,3
IMG_4175_jpeg.rf.bffd28a4f1c6b974bdab796c92c6f7a0.jpg 84,33,333,182,3
IMG_4277_jpeg.rf.3158f604dda3a6f1285dc453de3c0a65.jpg 158,85,264,211,3
IMG_4025_jpeg.rf.598872e46ee78068910413179aa6ca48.jpg 119,235,224,277,1
IMG_4387_jpeg.rf.564a85b86e4f66b50e2c1d95655fa475.jpg 110,71,325,402,3
IMG_4391_jpeg.rf.dbd86287e8a38f7c9a722524e16bdbe6.jpg 122,86,312,230,3
IMG_4321_jpeg.rf.9b2e0fc61c632004e92895a734a53477.jpg 58,111,406,230,3
IMG_4287_jpeg.rf.76b09dae3f21724ea28b761a08bb0861.jpg 122,101,358,275,3
IMG_4356_jpeg.rf.3ec5e9f1c6619b1e4f89fa02ca5c6679.jpg 113,89,376,349,3 381,17,416,56,1
IMG_4167_jpeg.rf.d7d35629d9f02b6e2d5254a326e039f4.jpg 176,184,250,287,3
IMG_4311_jpeg.rf.4fe7406001f539a474dc49ca464b4ab1.jpg 63,59,326,268,3
IMG_4258_jpeg.rf.769e60fd73d914176da29a34f3dfa2f1.jpg 145,88,209,249,3
IMG_4005_jpeg.rf.9d073860038a5264ff5c0677948db74f.jpg 184,87,229,348,1 0,252,209,416,2
IMG_4306_jpeg.rf.d8d7792b611df3acfdf6101db4d17fed.jpg 137,88,376,267,3
IMG_4527_jpeg.rf.06bae0460cd8df5e2aafb865efb230a2.jpg 236,0,416,416,2 204,136,312,160,3 222,233,292,249,3 237,210,312,222,3 245,190,323,204,1 94,257,175,354,0 0,278,101,367,0
IMG_4575_jpeg.rf.672740273db8695afa4fb2e47e5eaa32.jpg 251,258,355,323,0 256,0,416,416,2 0,140,342,416,2 143,154,248,241,2
IMG_4603_png.rf.439b74a98b03d658881c11a8af993d61.jpg 111,205,183,272,0 235,223,327,261,0 67,285,173,328,3 206,314,315,348,3 167,194,243,225,1 47,94,308,228,2 220,107,416,242,2