0 0.646875 0.5 0.03125 0.2953125
0 0.9484375 0.5640625 0.0203125 0.16875
0 0.7171875 0.5078125 0.03125 0.2796875
0 0.378125 0.559375 0.0203125 0.1765625
0 0.128125 0.5046875 0.034375 0.2875
0 0.784375 0.528125 0.03125 0.2390625
0 0.3265625 0.521875 0.0265625 0.253125
0 0.48125 0.509375 0.0828125 0.2765625
0 0.259375 0.509375 0.0421875 0.2765625
0 0.190625 0.5078125 0.0453125 0.2828125
0 0.8984375 0.5546875 0.0234375 0.1875
0 0.846875 0.5515625 0.0265625 0.19375
0 0.575 0.4984375 0.034375 0.3015625
0 0.0640625 0.503125 0.0390625 0.2953125