0 0.6651256518792017 0.4515750769261987 0.09484625341847241 0.319700377997928
0 0.9812175516711112 0.4451408705588391 0.03756489665777742 0.18343323821317573
0 0.7384540491056601 0.4434671703922234 0.09132120991548635 0.30236732878371625
0 0.3974134346486117 0.575883833955512 0.05908797853284735 0.19160961124870504
0 0.12602874391916716 0.5760102282883783 0.09619054787138914 0.31039815260503384
0 0.8136722546527434 0.44934898925114225 0.08249041736243079 0.2582534557481869
0 0.33576676662059074 0.5482532936326404 0.07969272568305578 0.2721704065339754
0 0.494178025454306 0.49942403370784294 0.14459168028020866 0.3110916654253154
0 0.26232926662059075 0.5516737001666158 0.10222234232430578 0.3013142510334571
0 0.1914537221676741 0.5643599447899323 0.10705531268902804 0.3077825748547749
0 0.9380001074262851 0.4482509079862266 0.06406641926229177 0.20432793507002261
0 0.8826950115865977 0.45786565653848454 0.06730052203583341 0.20916098428423419
0 0.5895989750174657 0.4660421453708327 0.09808035619201405 0.32453342721213974
0 0.059858883261840766 0.5892593990903772 0.09957012100965304 0.32148120181924555