0 0.14647152078265127 0.1958365640202082 0.12084078258831207 0.3621389369297223
0 0.5248783219141193 0.23547310695451346 0.13840098731057643 0.4266014804327084
0 0.24490902078265125 0.19714579730270826 0.1335680415653025 0.3942915946054165
0 0.15624351404515602 0.6667666598598958 0.1352668969514968 0.4249662452503472
0 0.8742991433372594 0.7992926855080201 0.11928737294739164 0.3636650693385416
0 0.8536351018701527 0.33642966280659653 0.11764305971567524 0.3495662017473612
0 0.5371940530763757 0.7407236514074301 0.14619530659241703 0.4236583183886113
0 0.950404520979043 0.32320100456222145 0.099190958041914 0.41482752583555554
0 0.4065782946885605 0.31558079388423577 0.07786242134838535 0.2252195119678472
0 0.6336196011827818 0.7955182945498259 0.10825896935659554 0.3477854962002779
0 0.3259050116092691 0.2822974748300345 0.08429422852997774 0.2566149823325695
0 0.6307743187908614 0.30645579454982586 0.14411465612487895 0.3345594507974307
0 0.42171449882164963 0.7684148531547914 0.10343511397040128 0.32423889342673606
0 0.05848727009528021 0.6518521343086805 0.11177485479701907 0.415045731382639
0 0.2433758753832786 0.7358420085493748 0.10340784289316245 0.3195513934267364
0 0.3378753091265 0.7281730192829511 0.11307373438371009 0.3697695989738195
0 0.7524559595940381 0.8075981076201035 0.1598487404338343 0.3536731267092364
0 0.7541163700205255 0.2871765048465619 0.14298849336070063 0.40952308320625014
0 0.6072913669954634 0.2991888084175342 0.11280102361132158 0.32289459897381956