0 0.09375 0.2859375 0.04375 0.35
0 0.4640625 0.25625 0.0484375 0.4125
0 0.1859375 0.2578125 0.04375 0.4078125
0 0.1953125 0.7359375 0.04375 0.4125
0 0.915625 0.7484375 0.034375 0.3859375
0 0.8 0.29375 0.04375 0.3375
0 0.575 0.7375 0.05625 0.4078125
0 0.90625 0.259375 0.04375 0.403125
0 0.3671875 0.353125 0.0296875 0.2171875
0 0.6796875 0.7734375 0.034375 0.3375
0 0.2828125 0.3375 0.0296875 0.2484375
0 0.5796875 0.3046875 0.075 0.3140625
0 0.471875 0.784375 0.034375 0.3140625
0 0.090625 0.740625 0.0390625 0.403125
0 0.29375 0.7859375 0.034375 0.3109375
0 0.3828125 0.7625 0.034375 0.359375
0 0.7984375 0.76875 0.084375 0.3453125
0 0.6953125 0.2640625 0.05625 0.3953125
0 0.55625 0.3015625 0.04375 0.3109375