0 0.06884726062222932 0.32734375 0.08405102005090674 0.375
0 0.45869155796468347 0.26015625 0.09418963605981538 0.440625
0 0.16618588462763814 0.2875 0.08944759205917911 0.4359375
0 0.21272978922664126 0.7859375 0.08935668539145185 0.428125
0 0.9656098885662319 0.73984375 0.05634419072245187 0.4109375
0 0.8171944012969563 0.26796875 0.08232488804899774 0.3609375
0 0.6153917125636865 0.75859375 0.10351009205917912 0.4359375
0 0.9278597286362287 0.22421875 0.08939304805854284 0.43125
0 0.3636415926161841 0.371875 0.05581583736472586 0.23125
0 0.7291269485598686 0.78671875 0.07293170671545238 0.359375
0 0.2739069306174568 0.3625 0.05934082670272565 0.265625
0 0.5855625932925019 0.30078125 0.11177603071290694 0.340625
0 0.5092320718889597 0.81796875 0.07109648671227067 0.3359375
0 0.10245536055859587 0.79609375 0.08443282805536109 0.4078125
0 0.3199695772199598 0.83515625 0.06946126137808886 0.3296875
0 0.41331104455764134 0.803125 0.0747669267186339 0.3828125
0 0.8535275118953229 0.77109375 0.12465783871736136 0.3734375
0 0.7041404179662744 0.2484375 0.10178396005726995 0.421875
0 0.5590091839592746 0.3 0.07887262404517976 0.3328125