0 0.2375 0.33125 0.140625 0.296875
0 0.2234375 0.68125 0.1625 0.2640625
0 0.9109375 0.31875 0.11875 0.2640625
0 0.5796875 0.3546875 0.16875 0.26875
0 0.8828125 0.659375 0.2 0.2171875
0 0.55625 0.6640625 0.209375 0.2421875
1 0.14375 0.3875 0.2859375 0.2203125
3 0.2015625 0.409375 0.096875 0.0921875
1 0.125 0.703125 0.2453125 0.2515625
3 0.1875 0.615625 0.0953125 0.09375
1 0.45625 0.703125 0.2328125 0.259375
3 0.5140625 0.6171875 0.115625 0.1046875
1 0.4703125 0.415625 0.265625 0.1625
3 0.54375 0.4015625 0.1 0.11875
1 0.8078125 0.4125 0.2734375 0.1625
3 0.903125 0.3765625 0.0875 0.096875
1 0.803125 0.6921875 0.2578125 0.2796875
3 0.84375 0.6140625 0.1046875 0.1125