0 0.24660214837123595 0.264315803877783 0.2303175048941414 0.3401633794672148
0 0.12955596979329706 0.6139563651327589 0.2469593678708329 0.32523871642535307
0 0.9152826825846541 0.45038186273566294 0.15099210344286257 0.3026050296574951
0 0.5912747529104069 0.3863260440291323 0.2549355589778255 0.33024455140632514
0 0.812735513625362 0.7880954269563882 0.2721577753125615 0.2872585553606578
0 0.4764557624442357 0.6945921887822053 0.2903819856568477 0.317646392318796
1 0.15943696506879165 0.2959703690870915 0.31483634863353915 0.3030400642579063
3 0.18881444102217454 0.3284618755128821 0.12763890507947595 0.12534219269935692
1 0.09367804501319134 0.6072633547526355 0.18735609002638268 0.3114017095052709
3 0.11194437305867444 0.5357849441822318 0.12769346878180676 0.12690469269935695
1 0.3637647894860777 0.6954769150562091 0.3140923041685021 0.3264138972617118
3 0.44800586943047743 0.6355381823564146 0.15173116950744614 0.14504719764227278
1 0.461949351459128 0.41548035034119224 0.3238641190519592 0.24879823323126704
3 0.5414731603521356 0.42341486714710613 0.13955855172143145 0.1539128616727176
1 0.8090301933844273 0.5133355074887358 0.333348246456621 0.2523052352084335
3 0.9164706711519088 0.5059779467280517 0.11993553248413776 0.12814885771838505
1 0.7227280725183695 0.7891220746752107 0.34794151451278843 0.3574384041817941
3 0.7873833387604383 0.7299500045229864 0.1425198606144388 0.14935269566510634