0 0.234375 0.319346469157449 0.1515625 0.307333033278183
0 0.225 0.680447610391151 0.175 0.28117963636243815
0 0.934375 0.2790029237076967 0.1296875 0.2757012037328782
0 0.5890625 0.32878037581572184 0.1796875 0.2859489569792891
0 0.9015625 0.6334819180256538 0.196875 0.23312396590774292
0 0.571875 0.6493928847441757 0.2234375 0.26015011606989874
1 0.14375 0.37717833441656873 0.2875 0.23939333116686257
3 0.196875 0.3989072840922572 0.1015625 0.10021028003177204
1 0.12734375 0.7055897065755473 0.25 0.27311376623205436
3 0.18671875 0.6147095620954344 0.1 0.10018300649282175
1 0.465625 0.6926537353927987 0.246875 0.2777467191541536
3 0.52734375 0.6040764306042602 0.121875 0.11306483603812652
1 0.4765625 0.3955878206201463 0.2796875 0.17831946347211075
3 0.5546875 0.37859914367262926 0.1046875 0.1268273271096728
1 0.8296875 0.3800490008173695 0.2875 0.17845583116686256
3 0.92734375 0.33850065463297324 0.0921875 0.10317163879807004
1 0.8265625 0.6676035478952702 0.2734375 0.3000853693163094
3 0.8703125 0.5879336388046607 0.1109375 0.12068642126547431