0 0.9319359645926397 0.51801130397308 0.1295100654041786 0.5254666644231918
0 0.07535344131922792 0.46730350877548865 0.15070688263845583 0.5278929824490227
0 0.5400757285964578 0.501297794735373 0.16085097207190574 0.5341884465556455
0 0.22724901193509392 0.47135084811322053 0.19264531739336094 0.44764319279472176
0 0.3958535612667303 0.478940724597971 0.13412484006999675 0.51935305674306
0 0.8545649425923216 0.5226055272509027 0.16555665340545112 0.5358873388755135
0 0.1277853612746845 0.4281668009370721 0.17322370273708768 0.5236146594086268
0 0.7817456079328668 0.47161734026216867 0.1400475760661788 0.49140991316955046
0 0.29375525926959384 0.46082487358175656 0.21506575739972425 0.49515469028743925
0 0.47533252327341186 0.42742603721352557 0.14435326806172438 0.4587338054894186
0 0.6368240066040938 0.44225175217807805 0.13962940539463348 0.4554724131695506
0 0.695080854591049 0.5366178661264162 0.1668464334022696 0.5124953029821363