0 0.24726614192415663 0.14033652883374834 0.38560253087881247 0.053371670229179546
0 0.7075237480214429 0.7404870122072079 0.41257420783841636 0.0682070600417651
0 0.2588281160599092 0.22586485187414418 0.40301735141192585 0.06168427540202899
0 0.25507131558505547 0.40863188776752146 0.4078867078384166 0.06807066772189714
0 0.6969980543022845 0.29741897380654814 0.38044366943775676 0.09068981380268877
0 0.7087800226320492 0.6436574763138305 0.42075042069139795 0.08093438057487852
0 0.22334863948338116 0.5867485275801071 0.3422162437317938 0.06459867524374445
0 0.22906509356087396 0.4975950993668617 0.3483298514119258 0.06009303167023532
0 0.19941573132839552 0.7654190968595793 0.29515938730530317 0.056984752045064015
0 0.6990115321989606 0.4160098494333687 0.39606866943775676 0.09114445486891558
0 0.21914922129926567 0.6774189916867298 0.3344037437317938 0.06437135471063123
0 0.7237721883088822 0.5308164955141604 0.4492391335443795 0.0942527344940867
0 0.7078937533652123 0.16440188532674607 0.401574523356965 0.11940584718878364
0 0.19990381314428002 0.855953168646334 0.3016821719450392 0.06654160847155488
0 0.2515036978757937 0.31662624419401225 0.3905173514119258 0.06132056254904761