0 0.3396169658697202 0.09439983551030119 0.3955084630271227 0.14877509844242492
0 0.5922479981456229 0.8358050516619879 0.42316302616718493 0.16829798825501036
0 0.3235376685852607 0.18236283676394244 0.41498650512049756 0.1618206677218971
0 0.26233631612383396 0.35979150329870524 0.41994702090551306 0.16664456004176512
0 0.7178204766754126 0.3996522544858395 0.3990730787839034 0.18319556254904762
0 0.6227083138459338 0.7427824773679508 0.4364820735222317 0.18272420110799192
0 0.17925225838661796 0.5232796902874393 0.3548834630271227 0.14759303167023533
0 0.2100843004094056 0.43731109804671353 0.3610424577654509 0.14621238809672582
0 0.1263301976656302 0.6901429298625981 0.2526603953312604 0.13028585972519605
0 0.6835603267883521 0.5176066326199426 0.416533594568919 0.18838316772189714
0 0.15978322262327788 0.6091800863682311 0.31956644524655575 0.14580321113712175
0 0.6727376769012915 0.6362429723533859 0.4688241366622936 0.20238348324044556
0 0.7705044028708323 0.27440821357789724 0.42754668927901224 0.21678095236163317
0 0.11449805560049027 0.7781513952228619 0.22899611120098054 0.1375527904457238
0 0.28875387393163715 0.2689990187381115 0.40221348933548196 0.15676945486891558