0 0.7453125 0.14375 0.384375 0.0359375
0 0.278125 0.765625 0.409375 0.0484375
0 0.734375 0.2296875 0.4015625 0.04375
0 0.7359375 0.4125 0.4046875 0.0484375
0 0.2953125 0.321875 0.3765625 0.0734375
0 0.278125 0.66875 0.4171875 0.0609375
0 0.7640625 0.5890625 0.3390625 0.0484375
0 0.7609375 0.5 0.346875 0.04375
0 0.7875 0.7671875 0.29375 0.04375
0 0.290625 0.440625 0.3921875 0.0734375
0 0.76875 0.6796875 0.33125 0.0484375
0 0.2640625 0.55625 0.4453125 0.0734375
0 0.284375 0.1890625 0.396875 0.1015625
0 0.784375 0.8578125 0.2984375 0.053125
0 0.7390625 0.3203125 0.3890625 0.04375