0 0.022018810622287954 0.6994987109904194 0.04403762124457591 0.2514673247398008
0 0.48231887124457595 0.5997642203742153 0.09274309382421571 0.2887150192218769
0 0.38764128830495137 0.6214134910664301 0.09219745680090714 0.2730900192218769
0 0.2713143946582209 0.6802794787419583 0.07726193756361344 0.24735303482570892
0 0.5794791026402544 0.5070211996820003 0.057475227219327255 0.2166828889641522
0 0.5782067462021668 0.7675868854576491 0.3364484206885724 0.07689885119776677
0 0.8183183694304773 0.6604205958822416 0.05186014427970278 0.18987472749876275
0 0.4891343887525891 0.29252825248639086 0.3292906851165428 0.09523941542211815
0 0.9167732275978453 0.6874954302329808 0.05258434137714509 0.12128850180902226
0 0.11191954729062603 0.7173213760738533 0.08349209019601869 0.2024499706013579
0 0.174990010081983 0.5249568136585243 0.23699405771188112 0.08728307326946272
0 0.20591017178488086 0.3567357581406004 0.18606647477225655 0.0581001843053107
0 0.6195435635326948 0.6820931207583281 0.15654266587924912 0.061231828357845505
0 0.15619785926367635 0.43552914348670785 0.2615575480932343 0.07609326775153882
0 0.8217360684268364 0.36083335368415775 0.22373016587924893 0.06475297602842475
0 0.7843204031805593 0.28921398122834907 0.1564335384745874 0.05810682835784551
0 0.1845137991047246 0.6780784916322571 0.058110144279702694 0.19020227611928178
0 0.44047614474303887 0.3635500814100632 0.21580853847458742 0.061218540252776066
0 0.6624751411148418 0.46127933174874747 0.10315480416850206 0.31889384215265526
0 0.8333704836731132 0.43110158808032556 0.2220585384745874 0.06154608887329509
0 0.7385787949283733 0.5904965202379296 0.05175101687504089 0.18674972749876276
0 0.8692137252355927 0.5253362669585693 0.23210815027015244 0.12601802464894368
0 0.04847961770119685 0.3375276554724954 0.039627984390903384 0.06290279172311405
0 0.4305902240544663 0.4225156456344144 0.20029266587924913 0.0635246687014785
0 0.053638343654579736 0.36910520409301445 0.054365096186468474 0.127620388964152
0 0.9438144542690186 0.2717442774740189 0.04055556733052797 0.08946529172311406
0 0.19406984837908517 0.6957982581406004 0.08296630054030496 0.2320555834462283