0 0.033786588315976154 0.6378448979949093 0.042161270684455396 0.2645352146721816
0 0.4936570128858153 0.5473433359325486 0.05313513212077385 0.2709124840069997
0 0.40215985929501913 0.564031943944957 0.056169228529977744 0.2553238466740906
0 0.2877655611886131 0.6223904312937746 0.043605596016420375 0.24424089600572713
0 0.5933666422761147 0.4618138212524128 0.027744246680350314 0.2034340826702726
0 0.5738843474893583 0.7221791565881854 0.3221204396951496 0.04593285471036168
0 0.8088002238545956 0.6264832065563687 0.02612720452587247 0.19404090133672708
0 0.522696114854164 0.2556189125955033 0.31274543969514956 0.04582376670908896
0 0.9023411455957643 0.661329826543642 0.036737451599006474 0.13791817067154533
0 0.1328735281093217 0.6593466333147736 0.05748628883482798 0.21315452800763596
0 0.20666152781473413 0.46396995130491037 0.22216589149054772 0.052581749363453056
0 0.2474234040817755 0.30569382729950156 0.1751636264634331 0.030161309357089827
0 0.6197149979568966 0.6325893979153675 0.14708407825883113 0.03764654535327185
0 0.19466149756411308 0.37817790197327394 0.24550339754067202 0.03566696936663485
0 0.023022846900183146 0.33955284866327284 0.02744426483072292 0.15187158267027262
0 0.8347143258229442 0.33479514588641435 0.2111102168225127 0.03214198002863507
0 0.8046591871610669 0.26405593189055054 0.1470658975406721 0.03452154535327186
0 0.20502578406125002 0.6108540419716831 0.03228630093507645 0.17848862667090906
0 0.46997966013189973 0.32029048726927567 0.20327953610435348 0.0289260733609078
0 0.6748348108940255 0.4233683919080497 0.06110216822512733 0.29756589067472683
0 0.8398012807416002 0.4003565112190053 0.2110920361043533 0.029016980028634974
0 0.22767696800086315 0.7457375719685014 0.026735216822512696 0.02999658267027261
0 0.7397280369881163 0.548386025899141 0.02601812021691714 0.17529090133672726
0 0.8791223350945223 0.48973663721359645 0.23644656010845858 0.09024538136536223
0 0.09989896428842995 0.2847557133195461 0.029978391490547773 0.050345445337363515
0 0.4579382023845732 0.3758955972708665 0.18768180718159239 0.03343176002545336
0 0.1020699974659172 0.3144159413192279 0.035020415494652825 0.11133748933799978
0 0.9593785034178456 0.25678722986955144 0.031686337235821684 0.07536362667090887
0 0.2134468172387373 0.6404415446371832 0.051399915298261156 0.24120680267345412