0 0.9484375 0.621875 0.03125 0.2609375
0 0.4953125 0.553125 0.040625 0.2640625
0 0.5859375 0.5640625 0.04375 0.246875
0 0.6984375 0.615625 0.034375 0.2375
0 0.3953125 0.4734375 0.01875 0.2
0 0.421875 0.7265625 0.3140625 0.03125
0 0.1875 0.64375 0.01875 0.190625
0 0.459375 0.2671875 0.3046875 0.03125
0 0.0984375 0.6828125 0.03125 0.1359375
0 0.8515625 0.646875 0.046875 0.209375
0 0.7734375 0.4578125 0.215625 0.040625
0 0.7296875 0.3046875 0.171875 0.021875
0 0.3734375 0.640625 0.1421875 0.03125
0 0.7828125 0.3734375 0.240625 0.025
0 0.95 0.3234375 0.021875 0.1546875
0 0.1546875 0.3578125 0.20625 0.021875
0 0.1828125 0.2890625 0.1421875 0.028125
0 0.7796875 0.6 0.025 0.175
0 0.5109375 0.328125 0.2 0.01875
0 0.3140625 0.4375 0.046875 0.2890625
0 0.1515625 0.4234375 0.20625 0.01875
0 0.7609375 0.7359375 0.025 0.03125
0 0.2546875 0.5640625 0.01875 0.171875
0 0.1140625 0.5140625 0.228125 0.078125
0 0.8734375 0.271875 0.028125 0.053125
0 0.525 0.3828125 0.184375 0.025
0 0.871875 0.303125 0.03125 0.1140625
0 0.0296875 0.284375 0.028125 0.078125
0 0.771875 0.6328125 0.040625 0.2375