0 0.14204588072881533 0.4625868239539499 0.19208169605345207 0.4002976442797026
0 0.369825982733906 0.5080258426430894 0.16115896005727012 0.42733137023308565
0 0.8878412807526779 0.6643403962634373 0.18127146538827005 0.4108531983633867
0 0.642909494072224 0.5542659586998238 0.20091235073199698 0.48807046279135696
0 0.7043742527450418 0.6017064430907271 0.17814646538827023 0.410744070958725
0 0.22107940006363344 0.4762797909216581 0.1828885093889065 0.4155952620657176
0 0.9433249280314986 0.6844098488031752 0.1133501439370029 0.3791468413771451
0 0.2885396200668151 0.502063530121885 0.13712147605027045 0.37495041469812274
0 0.459052114735815 0.5251984736759482 0.18635895472627 0.44539188947037933
0 0.7558554840865416 0.66363601341648 0.12852717870781624 0.3074900961864685
0 0.527611758076042 0.5783532447273404 0.18966576806172436 0.46112601687504107
0 0.7930378580919503 0.704762010421255 0.0979487933640895 0.22989088584218215