0 0.09177373414548816 0.47418652286549073 0.1682140780980708 0.37565974282842374
0 0.3081653966930583 0.5013021274894797 0.13817375102576418 0.4042559687818068
0 0.8010293759328115 0.6170908848306919 0.15928474707143145 0.3862698606144388
0 0.5683707262368227 0.5283830157787326 0.17471342889637356 0.45858137023308565
0 0.6277483848300601 0.5687922501696361 0.15453358007523726 0.3845436695074461
0 0.1665190661607106 0.48305558057737186 0.1594757480600147 0.3909573606144388
0 0.8778001229670622 0.6338542880960694 0.14120590912471015 0.3637946598887993
0 0.23144372920257225 0.5025347560752678 0.11582390714754372 0.3535466406515056
0 0.39293964471589193 0.5136508492665113 0.16062175399151374 0.4190823606144388
0 0.6763012899632564 0.6252530704953888 0.11165106030357368 0.2894295769491748
0 0.45646363384147703 0.5675050247644073 0.16489275992301272 0.4473164880191005
0 0.7108699495450771 0.6601017856489986 0.0836587114824372 0.2151190577118811