0 0.48804896087887784 0.6307645475053528 0.1001659328349728 0.3633016335443795
0 0.384705954885984 0.5722042382550105 0.15434217774659 0.4444439849563052
0 0.04977427069221489 0.46565374373179386 0.09954854138442978 0.5563074874635877
0 0.8823511595448252 0.7212641446941366 0.09237336499257687 0.27414820533113404
0 0.2642197144969224 0.52722905588513 0.13072761533126104 0.49992109514371974
0 0.1478920296257848 0.507412997888429 0.16559393826203964 0.5102963054894186
0 0.6957076526474204 0.6845357198461034 0.08644426956056109 0.30985838479802086
0 0.7939880223896956 0.720257922669955 0.11671162369900419 0.2920176669304745
0 0.8360758616016748 0.2754909919494272 0.3059025192218769 0.09158707257817741
0 0.5973863393275802 0.6495947670222518 0.09137078697341572 0.3443243130112659
0 0.3046554432388806 0.2334252315910929 0.2391310990500603 0.06780258010002482
0 0.8197647868618739 0.3329170470431344 0.3326287935321364 0.09548496239076307
0 0.7811006772963641 0.4585475328573695 0.3828744549975257 0.10162731380268894
0 0.7941639213034704 0.4033742995504168 0.359600729307785 0.10407035220334855
0 0.5336126028952475 0.2839039193712497 0.20335737336031984 0.06988190564770314
0 0.5421111776350485 0.2262505437444291 0.20648237336031983 0.06997283386094857
0 0.5230602052246682 0.3508868308914477 0.19077548620519008 0.06795569279472176
0 0.3164461143152083 0.187604266230829 0.22523237336031982 0.07051840314042072