0 0.5472406978865731 0.5746744367271617 0.03796465007475476 0.3501113159634347
0 0.4392009389095827 0.5406333846174658 0.07901689695149691 0.42544095574818713
0 0.07797254741903499 0.5074443188589188 0.04999299316430887 0.5381207382131757
0 0.9411634147090859 0.5860227357364856 0.045268089966296186 0.26297518899896416
0 0.31560890280522924 0.5198200785788285 0.04654983059652222 0.483287688998964
0 0.19997481244614965 0.5236428995046619 0.07938051131468145 0.48794095574818713
0 0.7551895532727675 0.5884329139820826 0.03453966822512733 0.29840326674922296
0 0.8568520472226432 0.6008900645202019 0.06722490319801296 0.27805653349844606
0 0.8230931081166688 0.17109555666231901 0.2971295300542295 0.057577175350112905
0 0.6566338786047325 0.5727052142297516 0.03473056576579943 0.33121576674922293
0 0.30300786709365923 0.23439200082856954 0.22675339754067192 0.043364818030349285
0 0.8171885417616942 0.2307616550907424 0.3236920300542295 0.05881434367091245
0 0.7976032704880637 0.3567077249831186 0.3627545300542293 0.06063370884855894
0 0.8019635175611974 0.30023940116180103 0.3409158914905479 0.06586486434907694
0 0.5312146803253757 0.23782940819111437 0.19085225897699054 0.04794100206691461
0 0.5293340177575893 0.1832146827982202 0.19397725897699053 0.04808655128112629
0 0.5331589754067197 0.30338163358400844 0.17991475897699036 0.047431579817173566
0 0.3058601563212707 0.1873714516143578 0.21270907825883115 0.0458348465663966