0 0.5375 0.5984375 0.0359375 0.3453125
0 0.43125 0.5578125 0.075 0.4171875
0 0.075 0.509375 0.046875 0.5296875
0 0.9265625 0.6265625 0.0421875 0.2578125
0 0.309375 0.5328125 0.0421875 0.475
0 0.1953125 0.53125 0.075 0.4796875
0 0.74375 0.6203125 0.03125 0.29375
0 0.84375 0.6375 0.0640625 0.271875
0 0.8125 0.2109375 0.29375 0.0421875
0 0.6453125 0.6 0.03125 0.3265625
0 0.2984375 0.2484375 0.225 0.03125
0 0.8078125 0.26875 0.31875 0.0421875
0 0.7875 0.3921875 0.359375 0.0421875
0 0.790625 0.3375 0.3375 0.05
0 0.5234375 0.2640625 0.1890625 0.0390625
0 0.521875 0.209375 0.1921875 0.0390625
0 0.525 0.3296875 0.178125 0.0390625
0 0.3015625 0.203125 0.209375 0.0359375