0 0.3234375 0.696875 0.065625 0.159375
0 0.584375 0.66875 0.0890625 0.15625
0 0.528125 0.675 0.0828125 0.16875
0 0.81875 0.428125 0.0765625 0.3625
0 0.884375 0.4296875 0.0625 0.365625
0 0.703125 0.4140625 0.053125 0.3328125
0 0.384375 0.684375 0.0765625 0.171875
0 0.95625 0.41875 0.059375 0.36875
0 0.7953125 0.7046875 0.1359375 0.1421875
0 0.4578125 0.6796875 0.06875 0.171875
0 0.159375 0.43125 0.065625 0.35
0 0.1640625 0.7203125 0.0796875 0.1125
0 0.103125 0.446875 0.0921875 0.3859375
0 0.0296875 0.459375 0.059375 0.4359375
0 0.69375 0.7015625 0.11875 0.15
0 0.25625 0.7109375 0.071875 0.1328125
0 0.7578125 0.4171875 0.05625 0.3453125
0 0.9453125 0.7140625 0.103125 0.1265625
0 0.08125 0.7203125 0.121875 0.1125
0 0.978125 0.7046875 0.0359375 0.115625
0 0.64375 0.4265625 0.0390625 0.359375
0 0.0328125 0.725 0.065625 0.103125
0 0.2296875 0.4484375 0.0921875 0.36875
0 0.90625 0.7125 0.1265625 0.1296875
0 0.8578125 0.7125 0.0828125 0.1296875