0 0.2921875 0.853125 0.23125 0.084375
0 0.6578125 0.875 0.2609375 0.1671875
0 0.628125 0.3734375 0.2 0.2375
0 0.315625 0.35625 0.234375 0.2125
0 0.3015625 0.625 0.1453125 0.21875
0 0.2828125 0.1125 0.175 0.140625
0 0.634375 0.0953125 0.215625 0.0921875
0 0.590625 0.6234375 0.140625 0.215625
1 0.3875 0.1171875 0.2171875 0.1484375
3 0.34375 0.146875 0.1015625 0.078125
1 0.7515625 0.109375 0.1609375 0.171875
3 0.7328125 0.125 0.11875 0.0875
1 0.3890625 0.3765625 0.1671875 0.1671875
3 0.378125 0.390625 0.1171875 0.103125
1 0.7078125 0.4234375 0.15 0.1328125
3 0.690625 0.4171875 0.0921875 0.121875
1 0.375 0.61875 0.1859375 0.228125
3 0.3546875 0.5703125 0.09375 0.1203125
1 0.6703125 0.625 0.228125 0.25625
3 0.621875 0.5671875 0.0734375 0.0953125
1 0.7546875 0.9109375 0.1921875 0.1703125
3 0.7515625 0.921875 0.1328125 0.10625
1 0.4078125 0.896875 0.178125 0.1953125
3 0.4109375 0.8875 0.103125 0.1046875