0 0.3729073077771722 0.9124933187065306 0.2488203595655099 0.1364308844101309
0 0.7593051532091879 0.886787017318796 0.3211667503386842 0.22642596536240803
0 0.6132900525772479 0.35241395904816036 0.27148101085413395 0.3010663873758802
0 0.2775915699901025 0.3730368878701718 0.30158459068231736 0.28046472729976807
0 0.32185166157693096 0.667183477299768 0.20742515490666857 0.26883220752810466
0 0.18722776232447189 0.12144787155854941 0.2180550384437537 0.17415637749004845
0 0.5595288082314575 0.07035353414330056 0.25030761646291494 0.10530821840251944
0 0.6300459418800842 0.627509459542452 0.20084760628614956 0.262327539543327
1 0.29825047150586903 0.11271881178644841 0.2641045228399214 0.19006522037968582
3 0.2593041581860289 0.1430947198853942 0.12876016508343388 0.10659219269935694
1 0.6869511233603198 0.09191681083504628 0.20202724672063965 0.13608337452429894
3 0.669807888964152 0.07718580737500516 0.14899077792830404 0.105857363649884
1 0.36019603007601064 0.38731690517037737 0.2203478787873868 0.21790637749004843
3 0.349378038782438 0.40402690269891944 0.15062852103089916 0.13710736364988402
1 0.7091691186106214 0.3968589788198238 0.19313692559888337 0.1747002055509382
3 0.6894740943003619 0.39293814136739397 0.12800989258219672 0.15177735870696818
1 0.3981308785602441 0.6500224936113904 0.2535565264579661 0.2863035504177418
3 0.36750832032878666 0.6012202376798914 0.1279280054270669 0.150214858706968
1 0.7146699253717408 0.6208230608350462 0.3055218181810801 0.3258408942959624
3 0.6508254313646347 0.562871297983465 0.10285276232447185 0.11800985376405233
1 0.8598783632950961 0.9038259493908839 0.22717773292582955 0.19234810121823215
3 0.8687963398893478 0.9279797030980708 0.16978795680654776 0.1440405938038584
1 0.49268421924256145 0.9107186185927999 0.23194712008095947 0.17856276281440026
3 0.4989308972162941 0.9348159990300073 0.1364841338757694 0.13036800193998524