0 0.6660145464512326 0.9008288958160182 0.24192673871722903 0.1081785504177418
0 0.29561111823798725 0.8888648177179475 0.2772397645814764 0.19545305733782428
0 0.36661422083704726 0.38412557958094556 0.22299018527287426 0.261911045474826
0 0.6838244528903586 0.396268729808407 0.2550752595669115 0.23824805239490826
0 0.6758682342313894 0.669706229808407 0.16454118778015675 0.2376803666156336
0 0.7371015317367423 0.15127190619614156 0.1888304824490227 0.1606377055509382
0 0.38187447413575254 0.10159958106382032 0.2264835951437197 0.11379188045579798
0 0.3834223214575502 0.6397999180219586 0.16127979546028878 0.23286553262324466
1 0.630828799683431 0.14772380045492292 0.23280780298213627 0.17023288144438115
3 0.6728655354976659 0.1815058928502687 0.11026756175762494 0.08876802273741302
1 0.2636784036026391 0.10460522285114375 0.17719430047485368 0.18981586958138305
3 0.2795618163764783 0.12324247631118486 0.1277733105039836 0.10040585969555131
1 0.6075658297708204 0.40958713049297907 0.18491587226160835 0.1870092045623551
3 0.6188072066512823 0.42647088296443697 0.12666545157021042 0.11596719269935693
1 0.2809207617449895 0.4260000617864484 0.16194973370266394 0.14861786661563361
3 0.2990031720115462 0.4228259822426839 0.10372805674305985 0.1321996877564411
1 0.6011637509244367 0.6564939639910763 0.20856397241989288 0.24883804250907654
3 0.6260106382297399 0.609011468933992 0.10524509263643722 0.13070085475263546
1 0.3022177855641729 0.6349267342198502 0.2516607545523465 0.2818070514063251
3 0.35619824340258943 0.5808095785923624 0.08259720282385156 0.103247016805914
1 0.19637799637209033 0.9103114296006298 0.20509197994174028 0.17937714079874034
3 0.1943608553058635 0.9277588799615064 0.14238137978345572 0.1197288626613009
1 0.5455967463720903 0.9128342169196447 0.19626254922121245 0.1743315661607106
3 0.5433211925320244 0.9239878701128557 0.11260295157021041 0.11539418973360753