0 0.434375 0.2984375 0.2109375 0.1765625
0 0.4296875 0.7078125 0.096875 0.1125
0 0.1578125 0.640625 0.096875 0.128125
0 0.4734375 0.6765625 0.109375 0.1234375
0 0.3171875 0.478125 0.128125 0.128125
0 0.5171875 0.63125 0.1125 0.13125
0 0.6828125 0.453125 0.128125 0.1390625
0 0.6 0.5453125 0.1203125 0.134375
0 0.3546875 0.4265625 0.1421875 0.1390625
0 0.2296875 0.553125 0.1203125 0.1125
0 0.2640625 0.5140625 0.134375 0.13125
0 0.803125 0.315625 0.1578125 0.128125
0 0.4 0.3703125 0.1578125 0.146875
0 0.715625 0.4125 0.146875 0.1390625
0 0.7625 0.3609375 0.1421875 0.128125
0 0.2015625 0.59375 0.115625 0.1234375
0 0.6359375 0.5 0.115625 0.1125
0 0.55625 0.58125 0.13125 0.146875