0 0.536768075703715 0.27272426340704203 0.24546188962701407 0.2106124253659985
0 0.576058473311423 0.6998594754137235 0.11860714247680573 0.12947041868236298
0 0.8557661167381593 0.60152416211804 0.12053331838861112 0.14511360001590834
0 0.528275589952673 0.6711708540738147 0.12983558320625016 0.14209768801718106
0 0.6749187730826732 0.44781626475967756 0.15189242116215293 0.1501647266868172
0 0.47771319871013834 0.627602120066815 0.13626742116215293 0.14998291335136288
0 0.29019828096645794 0.45818740670749813 0.1521106267092362 0.1595397266868172
0 0.3834741958603468 0.5467964680537702 0.14422539152687505 0.15632382001909004
0 0.6315331022048608 0.3980793467536324 0.16780836189159737 0.16284654002227175
0 0.7717379152751385 0.5184929387730406 0.14211737765916688 0.13286813868554467
0 0.7327851712590621 0.4797480647676317 0.15977765634451407 0.15338063335454438
0 0.15026622483003446 0.3260550646880899 0.181652656344514 0.15363517202418073
0 0.5788815341005901 0.3435458407463145 0.1852504350298613 0.17398403469127155
0 0.25206315454156214 0.41788912336886197 0.17249586189159735 0.162901084022908
0 0.1977399836637497 0.3680249360279987 0.16599128875333347 0.1518908586887262
0 0.8052037254956245 0.5579554281110404 0.1376844507974308 0.14375109468490824
0 0.34230498841340234 0.5025555720480432 0.1374298776591667 0.13281359468490822
0 0.43349172644555506 0.5801998613939972 0.15705269984750014 0.17053177068745348