0 0.39792955404913116 0.8946630602066545 0.7517846248093752 0.210673879586691
0 0.36055880024940906 0.7904856620768073 0.5908834924005558 0.2159088846548567
0 0.3894209502287498 0.2554248608471433 0.3813980832062501 0.14282486689726745
0 0.3747908333031593 0.4811515686926656 0.47267769984750013 0.17147710772388525
0 0.37179116024114534 0.5764595235131258 0.5151925081681251 0.185785047419035
0 0.37390244016076357 0.38503963797450635 0.4143924211621529 0.15082826443793945
0 0.36388578163204804 0.6811152072563471 0.5434629785328473 0.1921986738824682
0 0.37819446913045124 0.16706634279496652 0.311920731382639 0.11117489109776431
0 0.3606264158438194 0.11617600848601113 0.24854790919430556 0.0733112767345796
0 0.36653288335875 0.030261234383710166 0.2169342332825 0.05750446955298725
0 0.3660049000762499 0.08651577956324999 0.2506559230620139 0.09675786709365922
0 0.38157142942718725 0.290540204231285 0.3680252610179167 0.10525214402463057
0 0.36599836797243024 0.42249873135864807 0.40112870174736115 0.11794304156530248