0 0.5818977678136746 0.9361471326782269 0.7725235208496825 0.12770573464354626
0 0.5020391200835304 0.827438488064906 0.6033643438900784 0.12260663208145069
0 0.35220632383181866 0.29462489337999787 0.3898186694377568 0.08419647071927035
0 0.41259120902555074 0.5179083993873157 0.48393238229073815 0.09778735073199699
0 0.44192701952953434 0.6135299820575882 0.5263017387172291 0.10452824673772394
0 0.37944007673481256 0.42536636338317957 0.4242391335443794 0.08615896005727013
0 0.46921459672656524 0.7192805427275426 0.5560347028238516 0.10643619207508745
0 0.31071149412750526 0.2105766100413617 0.31891513605166183 0.06306581070972524
0 0.2773617850354475 0.1648913927036801 0.257113818025831 0.03266923870145293
0 0.25021060015828456 0.06382833203372572 0.22015938730530316 0.050982886696362265
0 0.27337296700961655 0.13516753003658924 0.25471624373179386 0.05763287603436203
0 0.3563769982841404 0.33059875604708877 0.38086956677218975 0.04504306405154308
0 0.38448292940037965 0.4644743167170432 0.41542642319868045 0.051693053389542956