0 0.6218584741078608 0.45852160985821006 0.10026110809517182 0.30558006175762475
0 0.9354296511770823 0.45875832442705117 0.0606519742194024 0.1749378155185486
0 0.6939791355732501 0.4517427609535667 0.09623534938874449 0.2883016335443793
0 0.35535264755903767 0.5723641156641978 0.06270579715018094 0.18435827962517112
0 0.09576960764494594 0.5689963894168741 0.0998516723195231 0.2977675617576249
0 0.7646634497976013 0.4574866441022348 0.08785628335537118 0.24749477711788864
0 0.2997953663513732 0.5458985555559257 0.08382388059640906 0.25985838479802065
0 0.45500848880718187 0.5015993231069029 0.14820728516439327 0.2976144490629279
0 0.23026411635137323 0.5479217083006349 0.10717284938874458 0.28861988229073815
0 0.15950123699815957 0.5585613430986556 0.11054351085413386 0.2933983105039836
0 0.8830859011770823 0.46028137199891095 0.06640400723608905 0.19538670783841638
0 0.8296333525565632 0.4680771516240821 0.0713371687014785 0.20021060015828454
0 0.5487109011770823 0.4700106908161647 0.10363176956056108 0.31035848997087
0 0.042215197592094245 0.5818206498417154 0.08443039518418849 0.30736988229073814
