0 0.8171875 0.57819175779864 0.1390625 0.589871541958086
0 0.65546875 0.5577196556338996 0.1546875 0.5915249455488821
0 0.909375 0.6341968389843375 0.1390625 0.442996541958086
0 0.07578125 0.48950338241536145 0.1515625 0.5321317648307229
0 0.16484375 0.4751777828828997 0.14375 0.5977113130353249
0 0.359375 0.49584078258831205 0.171875 0.6447499394987579
0 0.465625 0.5269276770057261 0.1671875 0.6259726684215192
0 0.54296875 0.5789401497801672 0.115625 0.49129768657189177
0 0.73671875 0.6042861043060397 0.103125 0.4224749636992547
0 0.25390625 0.5311646833504379 0.1484375 0.5180510841125636
