0 0.9477368675119378 0.4319506457045195 0.1045262649761245 0.5316239212654741
0 0.07786466060658952 0.5732096290588374 0.1339038402808367 0.5254557418823251
0 0.5530258625133553 0.5023775629095086 0.13126991360181445 0.5394636948044245
0 0.23542170026230327 0.5407538648553779 0.1701290277596322 0.44488758035608367
0 0.40332596287617495 0.5135895726487412 0.10265384028083666 0.5249102711033183
0 0.8695486744015877 0.4554211477331144 0.13439491360181463 0.5395182418823252
0 0.12528280842967127 0.5207880125819017 0.1448413402808367 0.5256466566549776
0 0.7847545229503088 0.4225052820669576 0.11104669363888124 0.49694891233702043
0 0.29713052657850586 0.5170066732973643 0.18889887512722706 0.49050008928453737
0 0.4689484736759482 0.4452156737044014 0.1192212921876024 0.4627375535707225
0 0.6331647410991433 0.4243695653451406 0.11437010108060992 0.4579682329538713
0 0.7149355854715133 0.5050235016281484 0.1381548306621898 0.5130375624991762
