0 0.8808999011416827 0.4792224481221762 0.22635813642447786 0.6492022106938169
0 0.05231989228161503 0.5631636186744087 0.10463978456323006 0.6638272373488174
0 0.7787153186321685 0.4741253207749495 0.2323189763483658 0.6805067546944533
0 0.585636480685447 0.49376401674885984 0.2261963103407547 0.6835590293602716
0 0.39561897574253113 0.515001575389861 0.1900678093521715 0.6784533586887262
0 0.19613097030532373 0.5384737960295896 0.2103166423559771 0.677127216024817
0 0.6932579796968639 0.4997060287634955 0.20748080243208927 0.6458590346912715
0 0.09801572355540009 0.5701045093491357 0.19603144711080017 0.6380283533577261
0 0.5057433922444339 0.5170646094048149 0.20148547041686699 0.6520363093570898
0 0.29997355330912934 0.5412453547103616 0.20135813642447803 0.6489113093570898
