0 0.6457402998378935 0.7189931468115913 0.07631855913900906 0.16490080290255768
0 0.3827694189444813 0.6863343811176768 0.09953773531769165 0.16103175843752043
0 0.4403272078196109 0.6938219881039185 0.09394270678164425 0.1748760036281972
0 0.15480504652812457 0.43970488466105584 0.09991453266987649 0.3700793762235353
0 0.08825324731391285 0.4405109273119945 0.0859975818840882 0.37271330290255766
0 0.271230567206289 0.42655509863353913 0.07502154052775936 0.3380109206885725
0 0.5838588839982932 0.7035293487183572 0.08783825599585597 0.1777827488188736
0 0.028789548904625446 0.4278174651536097 0.05757909780925089 0.375729175497896
0 0.17075741646328196 0.7188393131541767 0.14746581306795062 0.1517857332097769
0 0.5104941586053992 0.699402354708807 0.08158825599585598 0.17756449400955035
0 0.8177053068672068 0.45424614444933875 0.08832206120592367 0.3556349303072194
0 0.8065129799455173 0.7449529900028351 0.08663532092583352 0.11846231252120454
0 0.8740451980997012 0.47108146958441494 0.11819365177646439 0.3941170769491748
0 0.9470096631535132 0.4838022135939652 0.08458493920385166 0.442862111795565
0 0.2725746275881525 0.7169172038056824 0.1304966368892682 0.15587303248413759
0 0.7130904656774937 0.7346479178629837 0.08125861621110371 0.1369940577118811
0 0.21472585608141853 0.43005955534962836 0.07880151199171204 0.35218254809323424
0 0.03698830790066409 0.7253199477304145 0.07397661580132818 0.13167164065150558
0 0.8877993672490703 0.7470090525240394 0.13038532092583352 0.11999009618646853
0 0.0038579575077699463 0.7155803599814665 0.0077159150155398926 0.11838790145127884
0 0.33158587034944215 0.44118308302444265 0.06212343424145308 0.36251984736759474
0 0.9353100680348586 0.7517982454451306 0.06737589867609231 0.10687004809323426
0 0.7473007615819365 0.47056805969561566 0.1173931310982999 0.37692957694917484
0 0.06246990115954641 0.724285726586355 0.12493980231909282 0.13572422359113023
0 0.10629465612419972 0.7251959513586116 0.09048806699689202 0.13419643992586625
