0 0.6614520507638136 0.7422378044092557 0.08475790268936265 0.17056185079830274
0 0.4014316134229504 0.6762003330409867 0.10659654002227174 0.16832818874502423
0 0.4586083140913139 0.6910241784020819 0.10207267202418073 0.1821996877564409
0 0.19052828672022482 0.4021076225471326 0.11838965738381586 0.37652269072219047
0 0.12327715205281575 0.3939011917107737 0.10434533871736132 0.3775121877564411
0 0.3068981740531339 0.4037258137636147 0.09142716804581603 0.3410653517868859
0 0.601059443427723 0.7194741250557716 0.09585903469127163 0.1850700197716634
0 0.052755566717043144 0.3730674268820261 0.1012567013844522 0.3805098537640522
0 0.1883049047580867 0.6807910380604522 0.15339881468808994 0.16398819863085592
0 0.5274946740929047 0.7055442762346351 0.08959085335772628 0.18325285178688588
0 0.849967468730088 0.5015995114430686 0.10570784404836146 0.3603883547526355
0 0.8197281747692224 0.7885119210248892 0.09204314401654479 0.12556768577927463
0 0.9041191667329513 0.5248897728117751 0.1389930587205427 0.4023503616727176
0 0.9610385920194082 0.5461227856633564 0.07792281596118364 0.44549818380210837
0 0.28917706142581395 0.6927100593149905 0.1378283586887262 0.16803902866891213
0 0.7273224987666772 0.7660055682494201 0.08911813868554468 0.1426278517868859
0 0.25062999271958847 0.3998713019006167 0.09629648138127056 0.356881352775469
0 0.050723088757132204 0.6681570923953457 0.08751927601845369 0.1394391847906915
0 0.9002969221037225 0.8003845213289005 0.13584768801718106 0.13203786167271758
0 0.017765138088768645 0.6543200854752635 0.021712462682999246 0.12114017095052709
0 0.3665095313892247 0.4264576596190016 0.08078056938254319 0.36561968281352525
0 0.9496338507717679 0.8125462817090238 0.07783519334818116 0.11249468281352507
0 0.7782015567313606 0.5080458296181266 0.137230564051543 0.38509919467652337
0 0.07575945142422309 0.6723007643344561 0.1375920013526355 0.14772652866891214
0 0.12347933609163216 0.6797113577183851 0.09691245735199913 0.14138368676785795
