0 0.9305883376662749 0.5257039326118894 0.12513200811437955 0.3718484237898611
0 0.7773093790621328 0.49783231739217 0.10251271428288966 0.41749511646291493
0 0.6126701806042603 0.4947526622583588 0.10566498782184013 0.41922139077317444
0 0.4060071233800898 0.4845089603130509 0.1293206761334428 0.43294969810012063
0 0.0813709565755473 0.47218153720055833 0.1627419131510946 0.45251192559888337
0 0.8699235730557783 0.5132725316619496 0.13488883765968432 0.39421474672063966
0 0.5174804115295368 0.4927165287212736 0.09626271428288984 0.41716756784239595
0 0.15558042938644429 0.47733934871137607 0.14195704382819452 0.4414172953411587
0 0.693579261367381 0.5100257801916117 0.09108429058178373 0.38879690637700665
0 0.33049860876959325 0.4728554873368439 0.13126500567874758 0.4549065852552504
0 0.2461508823085436 0.47571489371385045 0.14206613798399587 0.4476672953411587
