0 0.9327558743221338 0.552320125088691 0.10205442115199333 0.3537067829810955
0 0.7719638200674076 0.5263838181034904 0.0711044030016211 0.4050874757995032
0 0.6032138200674076 0.5254020593228916 0.0742294030016211 0.40510565651766245
0 0.39231268150372617 0.5179248608471433 0.096177125874258 0.41773292154477704
0 0.06281510865674603 0.5097477047222643 0.12563021731349205 0.43042381908544913
0 0.8687570068356912 0.5410099203664267 0.10531577653818758 0.3771624636992549
0 0.5063388200674076 0.5248384570599554 0.06485440300162111 0.4050511143631848
0 0.13608086222188537 0.513309041958086 0.10871348731057644 0.4240556444174139
0 0.6890695068356911 0.5399645290722705 0.061565776538187934 0.3769079336450254
0 0.31425131401728346 0.5065328428931624 0.09630439090137255 0.439607921544777
0 0.2282865429400446 0.5107203731437834 0.10874984874689489 0.4303056444174141
