0 0.48668289380167085 0.306073516843095 0.250973545474826 0.22549338441013064
0 0.4203919793141154 0.7081679160447922 0.12409802768032882 0.1360886917107738
0 0.15927145410524451 0.5781952786689121 0.12779603064607842 0.15027852570316255
0 0.4686557243711995 0.6867359264249157 0.13710736364988385 0.14909802768032882
0 0.3430177599230128 0.4554302352084335 0.15773819863085592 0.15773819863085592
0 0.5195032999606314 0.6521500207974278 0.1436756986308559 0.15716519566510634
0 0.7128646863107473 0.5165175628122126 0.16130886760421675 0.16880303262324467
0 0.6159525356261752 0.5882241250557716 0.15167919961943924 0.1621710306460784
0 0.3881100840295698 0.4135902450942652 0.1739362015966055 0.17243736859279987
0 0.2446240222803025 0.5099174639538951 0.14616402866891204 0.1416675296574951
0 0.28466143186212306 0.4780108893530466 0.16574169961943913 0.162744033611828
0 0.855123829086654 0.40922101045448545 0.18768036661563342 0.16519787155854945
0 0.4416369906456409 0.36819417345916605 0.19156937056996615 0.1840752055509382
0 0.7504946788963736 0.48295298771707246 0.1786237015966055 0.172628369581383
0 0.8058387534972222 0.4438705830781677 0.17192803262324502 0.1614362015966055
0 0.2100235292003847 0.5412656230414241 0.1449835306460784 0.1509788626613009
0 0.6581745277175098 0.5525068009492144 0.14297536167271757 0.13997769566510634
0 0.5670667080595772 0.6135305311775511 0.16631470258518863 0.176806533611828
