0 0.14256211078407477 0.79375 0.17251489546082904 0.1078125
0 0.10394352176918242 0.515625 0.16181549763774727 0.159375
0 0.9421825878337661 0.75234375 0.1156348243324679 0.0734375
0 0.8628435288983496 0.46640625 0.2743129422033007 0.1328125
0 0.27688994844820475 0.5015625 0.18572422359113022 0.128125
0 0.6237749052491119 0.7703125 0.17186013103285874 0.0890625
0 0.4568130614248961 0.4859375 0.1696279976377472 0.159375
0 0.7939509959932849 0.76640625 0.17186013103285874 0.0890625
0 0.3032813559747513 0.7875 0.16404763103285874 0.0890625
0 0.45365337820726986 0.77578125 0.11631945916315978 0.109375
0 0.7519246316658309 0.21171875 0.4501488221398514 0.09375
0 0.6430680199550839 0.47265625 0.14822422359113005 0.128125
