0 0.9113049890789924 0.7712972201470725 0.1466230397032639 0.13097111827193722
0 0.9102204934473954 0.4818252843714239 0.16341180262104196 0.18178998982323477
0 0.09091779426548542 0.8323355444366476 0.15512521751493064 0.09396244120271575
0 0.13781364395015608 0.5278461182719372 0.27562728790031216 0.16959096223361492
0 0.7371641999444093 0.4899642537295863 0.19705945079743065 0.15234150723608925
0 0.43486846922736044 0.808122274987628 0.18056162860909736 0.11402263568479185
0 0.5508448402370135 0.49662593226914586 0.18219817021222245 0.18433513568479185
0 0.259250220177291 0.8255134136130959 0.18056162860909727 0.11402263568479185
0 0.764720276598055 0.7847345211424408 0.17271276101791672 0.11205069990914289
0 0.6088696668906591 0.7929929992070305 0.12620143692972227 0.12521908525525055
0 0.21431511350711796 0.2543101209854706 0.4286302270142359 0.14924524197094122
0 0.3581845615516663 0.5068663121881863 0.15955945079743064 0.15037621551297525
