0 0.7432875037240537 0.39475261550388824 0.4677055384608447 0.1560409393982643
0 0.23760689206106383 0.31053288402434004 0.43965331306795064 0.15694882275701422
0 0.18557351116765172 0.6563006321244791 0.37114702233530344 0.15927373575104192
0 0.20378200971990967 0.5426557062126734 0.40756401943981935 0.15531358757465305
0 0.6881311610865984 0.6239140918525341 0.46963191149637407 0.16388980698944486
0 0.6590900163394474 0.7447721057202425 0.4436516083532208 0.17577155793937535
0 0.7152095454946673 0.5116861955760064 0.4476841368892682 0.161818160712917
0 0.2671745756833444 0.19512543636104143 0.45876718610347983 0.16519773385118092
0 0.21711251344170873 0.4290653316876387 0.43422502688341746 0.16817726348645862
0 0.7636985111676518 0.27487587338767294 0.45222608767505645 0.1588022634864587
